ticker;pilar_1;pilar_2;pilar_3;pilar_4;pilar_5;pilar_6;pilar_7;pilar_8
A;10.071314432;0.5649174673564917;0.4130143112701252;0.7690058479532164;-0.0559006211180124;0.7867422590492804;0.8176718092566619;8.784399853467074
AAL;-1.5645968728885855;-0.2600870304091459;-0.2920131731703272;-2.038561750911933;0.3165625434414634;-5.425304425304425;-1.2379788101059497;-0.9078410327690328
AAP;5.79246681981132;0.3217049505864617;0.0781474162408692;0.0368366263235928;-0.069035560490751;1.663704544289046;0.7075468255454972;5.121424588909072
AAPL;6.9833768173359685;1.811084665804088;0.5958234816824729;0.9581808028789476;-0.1997078149719718;0.4775444084459836;0.8296754128693188;6.471969879143171
ABBV;7.331589348555771;0.800825010855406;0.9916713921179472;1.1740440760971935;0.11067347362319;1.299937645719243;1.331672145053547;3.4819384646749443
ABC;33.18690401894063;1.1298668814797337;0.3973063661084189;3.224964607499918;-0.057039496279336;1.874608192077909;1.1473267414509016;4.079415497651009
ABMD;19.95914886903113;0.678125105758926;0.903243626825719;3.327365876122496;0.0439890836763957;0.0396091322256306;2.4187261402451274;18.855700915839883
ABT;9.448110891369211;0.5126476467381428;0.5726542533771449;13.823899371069182;0.0158452431051243;0.924001276097976;0.9499436302142052;6.0611786505972844
ACN;7.068357715001484;1.3516329694758646;0.3968436050013322;0.7145293280493819;0.0236102606940687;0.2310040583502729;0.8835068384966077;5.161936119317429
ADBE;7.670848135249269;1.1666558808423215;1.1618830638341;1.8465944175579736;-0.0336931155192532;0.2426612792810323;1.5165180780120604;5.848399865638204
ADI;11.805262469273702;0.2076960047723314;0.3949279823664205;0.7264194869744555;0.1475036882417985;1.2418723030287728;1.632260642337759;7.973275181123122
ADM;5.643940072099299;-0.2556974931030347;0.4014762938120602;0.6984326018808777;-0.0017953321364452;-1.3393925178843673;3.669535283993116;-6.132415241937375
ADP;9.180757269604182;1.1991731140127246;0.2120874327533563;0.4990769585785162;-0.0480125055828494;0.462865224102711;0.5631003443484565;9.090211566269517
AEE;5.198858425627018;-0.1691480738876327;0.0351303221628622;0.892925430210325;0.0181368507831821;-5.82093316519546;19.46153846153846;-5.2801520504413615
AEP;4.406291302258346;-0.1507201828136928;0.0886294238536392;0.3008992993830388;0.0079370795320206;-5.877029384140615;0.2585519000588658;-5.146338952547072
AFL;2.1299543200040136;0.6941687495450023;0.0149537037037037;-0.0605994787141615;-0.0989088962454011;0.2781234706005733;-0.1757506527415143;1.484028509823114
AIG;62.739733150997154;-0.0215493313146606;0.0391548167434408;-2.5430637738330044;-0.0658224545997285;-14.127868852459017;-1.7313919627256844;-20.62917689555035
AIZ;2.192200566114032;0.5408595720340085;0.6142352363296414;1.6412625096227869;0.0932592843347041;0.5293962119027017;0.2690582959641255;1.5636896452264206
AJG;11.377871381266113;0.3679007457269188;0.3297129683745697;0.9581083999136256;0.0606472894476715;1.4439800530960751;1.173103448275862;7.124946005596613
AKAM;6.0670470453952365;0.3826631141551757;0.3828320141142854;1.9847884536989115;-0.0518422178483333;0.9967600113033552;1.2250695873952953;4.72798671042296
ALB;18.74181203721795;-0.1154032806911334;0.083327799435933;1.2547310847766635;-0.040680166615576;-3.428058837914761;43.40469250947245;-34.73725511449667
ALGN;3.901380926181081;0.7654482641992607;1.682604266420888;2.336041275959519;-0.0165449210214147;0.1386337669879624;3.828383653703612;4.955893361500194
ALK;4.08161661979914;0.2691771269177127;-0.221479894113198;-0.5377176015473888;0.0031639848966165;2.9010833725859637;0.3085106382978723;2.680062914743288
ALL;1.9985465993242857;0.7177597196628704;0.3087426020143287;-0.4985888993414863;-0.1392265193370165;0.3707491582491583;0.237359900373599;1.4688812821548822
ALLE;4.749413256435799;0.9143116352914492;0.1906818370567228;0.7672886937431395;-0.0294426919032597;0.8371700734272673;0.4877475662974152;4.494223012502481
AMAT;4.203000962386787;0.9661666666666666;0.5691250510273507;0.673202614379085;-0.151910531220876;0.4159622793398884;0.4626225490196078;4.536273248461848
AMCR;5.039562111236687;0.3137506254406466;0.4145197120298912;0.5743984053869533;0.3403041825095057;2.2094777498882965;0.5334287512990006;4.576903084436555
AME;7.422662961680936;0.5146384870340481;0.28983598322857;0.4528196398961069;-0.0034487401673985;0.7110466154853837;0.3846040214459532;6.375503682547374
AMGN;4.587461508096392;1.196555774950636;0.136986301369863;1.977766548762001;-0.1983584131326949;0.8831909427025673;-0.2027965376200894;3.0062424003509287
AMP;3.4204917906810035;1.2731366602334344;0.1181780538302277;0.8648648648648649;-0.2805904607397794;1.8207608460261315;1.082521117608837;2.411109675593734
AMT;11.012872355765884;0.2293993601645104;0.4041177088491724;1.0725643716199855;0.036103890644377;3.6935188026806935;0.6226201696512724;6.776414588796186
AMZN;11.69117530660419;0.2223766886584982;1.6414379364240497;10.00032970656116;0.0541666666666666;2.473033588810793;-3.27288161753357;16.390893165966165
ANET;13.04927544600942;0.9203601274507592;0.7908286183942762;0.9868903901455808;0.0515652246118076;0.1739472288267717;0.5431541921122482;10.845533055628108
ANSS;9.2273797788881;0.4435348395601499;0.7408947728829034;0.7536171509463802;0.010024944698075;0.4481261638144244;0.2800342338355754;7.860702831645961
AON;8.130810387858347;0.7161730420516363;0.2195439087817563;0.0236541598694942;-0.1029013539651837;1.4089703400048228;2.711433756805808;6.975988271039306
AOS;4.275711288413033;1.0038026521060843;0.1809323589281543;0.6428330522765598;-0.0576324747195277;0.2542010684798446;1.43755383290267;4.034203166585721
APA;-2.7485747024054983;0.2519726459758022;0.3563784610157975;-0.129601226993865;-0.0078740157480314;5.840814196242171;-8.177710843373495;8.349010839248434
APD;5.977141179226865;0.1844830368670205;0.2608090282866774;-0.3003932808958806;0.0165137614678899;2.42317692513304;0.6616811813706929;14.878583393677252
APH;6.861497234985405;0.4837300877035976;0.5512101892658994;2.686395080707148;-0.0251880929015374;1.0826611411233626;0.26743679163034;8.393312655960926
APTV;4.555836671029969;0.296241880606248;0.2122011797578391;-0.5645756457564576;-0.0090648354926125;1.3675280605586009;-0.209090909090909;6.904512584703733
ARE;10.622303462278415;0.1272910719553787;0.8800616445726187;2.3783006984322235;0.3775151290061826;2.627879022402806;1.243262088491645;6.655205788457112
ATO;5.339560301911842;-0.3418947110400085;0.2347163767535651;0.6789297237028311;0.2231762488218661;-1.548734530461114;10.31037892732936;-2.804397218129952
ATVI;6.6346269416617565;0.4687131607488093;0.2545247256662391;8.886446886446887;0.0225464190981432;0.5076458752515091;0.1341107871720116;5.663461730382294
AVB;5.233945185305511;0.3004952029349717;0.0631058246256418;0.1452559580623568;0.0182382078523636;1.5678786816140566;-0.1030097262293542;4.089268230176845
AVGO;7.1461154219407685;0.7402926497628208;0.5564753912451803;2.9810874704491725;0.0123456790123456;0.9246310868067876;1.429952572053995;3.9333391035879024
AVY;8.817130134891528;0.4573673543049115;0.054083885209713;0.9726756564939674;-0.055224200653412;1.622655254052085;0.2563679245283018;8.610524645176957
AWK;7.048389604015616;-0.0902505446623093;0.1706881143878462;1.9647887323943665;0.0168539325842696;-10.03983101991551;6.081967213114754;-15.253787036813518
AXP;3.9165390952881096;0.7812504952848879;0.2890860745122643;1.945906432748538;-0.1064552661381653;0.8356358915058933;0.0494470267671101;2.193811716876636
AZO;5.749054568473034;1.456309182157047;0.3435595842873826;0.6944074686794668;-0.2178332747098136;0.9548969319813856;1.8489702787230275;4.995608704954584
BA;49.00474606372045;-0.08066813711975;-0.3330692136371423;-1.5126265706965962;-0.0565607359010606;-20.33779549985759;-1.3831270698971587;-27.161274804898888
BAC;2.386342363467307;0.2482855231245295;0.0201598131697041;0.7539491004826678;-0.1669679390594769;1.965733333333333;-1.6914351629337692;2.0711944551298247
BALL;5.594158594329716;0.2512244553284918;0.2574888463989802;1.3475935828877006;-0.0685444615424145;3.386890756302521;-0.9631236442516268;5.37227264
BAX;4.502070703910615;0.2429368233021034;0.2104914307357258;0.7907949790794979;-0.0626151012891344;3.025810324129652;0.2294264339152119;3.8697270396158463
BBWI;2.237547170088875;0.5612917898567205;-0.0578177191029107;-0.2711571675302245;-0.014520979020979;1.9055915721231769;1.012222222222222;1.4791564862236628
BBY;2.1837482326838287;1.2871298671018885;0.1994518183894627;0.4641693811074918;-0.1849293563579278;0.3585725930622226;1.1467142129393786;1.3906289125984963
BDX;11.226820586096256;0.2981325841063773;0.6743570660712809;0.901818181818182;0.3212936700419744;1.914290356649606;0.8738343390016456;5.116781500365586
BEN;1.8621065949832192;0.2698743260100827;0.3180907981602578;0.0792715270819826;-0.1232999284180386;2.029816250907285;0.0995756718528995;2.2361000022920883
BIIB;2.2305330185175127;1.148611230822272;-0.1052803102518352;-0.387145051396164;-0.2431796801505174;0.4042510282854717;0.2924039873270999;1.926435521037056
BIO;1.0936787245233794;0.1091331419796681;0.3529342597491937;33.73158880645241;0.0038104872702748;2.2611577825933518;-48.65326454367551;7.43015059287625
BK;1.7024646440291478;0.1806310741961724;0.0489130434782608;-0.0809290953545232;-0.1386876487144209;2.107924468673461;-0.5287456445993032;2.7134249240736352
BKNG;5.9886313460223946;0.9213538241191636;-0.1358781529841065;-0.5022994619280449;-0.1636935134914479;0.6974778561506796;-0.4248131843059957;4.6277971657041865
BKR;-2.974774752653061;0.1002002300515485;0.1898719508662147;-7.083333333333333;0.5807962529274004;4.011054421768708;-2.252049180327869;12.394894802721089
BLK;4.024043090139928;0.4454786208315121;0.5510367464574494;0.1873239436619718;-0.0533992453795437;6.133383354496133;0.2531990198747618;5.7097469310862285
BMY;22.7425492029871;0.5582616467433806;1.232624181748171;5.965243296921549;0.372644376899696;1.143797389544838;2.609952606635071;3.724431878682765
BR;9.17361347338437;0.4085234753912565;0.2054506831458504;0.6753365973072215;-0.0194915254237288;2.0491208029048185;0.7277386290839206;8.408989740116683
BRK-B;2.4139715361599428;0.2106590675024476;0.4646088784448473;0.9981085892300846;-0.0817425358066768;1.525172582896375;-0.2325642831983092;4.784305999622769
BRO;7.22627291937596;0.4806947490915683;0.6408610487435861;0.4691189350148887;0.0064348081297233;0.9463873422584984;1.1480625109207412;5.156199637418537
BSX;8.009235973096583;0.1888543704215088;0.3138815207780725;9.009615384615383;0.0340121159039486;2.301584077985378;0.1887985546522131;12.091929371242893
BWA;2.817035169964485;0.2620672097759674;0.514189789066566;0.2207319845419413;0.1356022005703422;1.7858299332944758;0.0285345800419152;2.8766926079917106
BXP;3.813560349043174;0.2066174469225825;0.1101216874526339;0.0924446251289359;0.0129256112588365;3.07897832966626;-0.9762608202149992;2.5422970168908754
C;1.4069807300893993;0.0744713093713854;-0.0111557401854246;-4.229185054427773;-0.2466184917546785;7.042469545957918;-5.781553398058253;2.479238718936877
CAG;4.0468113128092105;0.2717021777912417;0.4290076530938175;1.0315970592835917;0.1247974068071312;2.11802114304592;0.0303192629097921;3.563603726461843
CAT;5.274462617855078;0.3717705551974956;0.1211781267872069;7.606100795755968;-0.0806015545792497;1.8044479667145477;0.404040404040404;5.873257422953094
CB;3.700102229413939;0.4910123612978045;0.2704462984213627;1.2116032116032116;-0.0351348421656081;0.4175635416946241;1.4759049522540528;2.4180409883249685
CBOE;6.18449972821888;0.6735541294975463;0.5678076353685344;0.3169031615633557;0.0177238805970149;0.6018523980886084;0.6200653012763432;4.013850142174503
CBRE;3.9740614595587536;0.4488161409890454;0.9526250125971104;1.6560083531097836;-0.0067911167055156;0.7059975287239004;3.0459656351708944;3.674462079980856
CCI;13.617764308609225;0.145947060991862;0.4555957209159232;1.4654144640647846;0.1316602923455755;5.586819023860939;0.8355256305790237;10.920292838221023
CCL;-1.0637346291746292;-0.2868968172484599;-0.8910336950314106;-4.645817344589409;0.5532503457814661;-2.2956087377916945;-4.2447434819175776;-0.8714962976217103
CDNS;18.344833814118896;0.8197071022474318;0.3807755096158993;1.893880970695881;0.0059941858969411;0.2729892024214529;0.9622879621353604;16.134762582547186
CDW;6.336380879915216;0.5353621392803676;0.3705559029720567;0.8902485659655832;-0.0823680823680823;1.7833518152451666;-0.0172265288544358;5.621052022564004
CE;1.4699139985244207;0.5846013041986042;0.3903908794788273;1.2419928825622777;-0.1457577955039884;0.9653620352250488;1.4067164179104477;1.9494338880626223
CF;8.84131516631579;0.6772969647251845;0.5830508474576271;1.5614525139664803;-0.1121842184154175;0.7429220287660863;1.028497409326425;3.179125438304315
CFG;2.0022415887587823;0.2037797863599014;0.1647100052567023;0.4037530266343825;-0.1542535345090177;1.1180645161290323;0.4906444906444906;2.7579263174193547
CHD;5.040521661536724;0.6723313952485291;0.3744240241512632;0.1131288673661555;-0.0227454110135674;0.689804716569581;0.3747054202670856;4.580563873848444
CHRW;3.598849995737855;0.5388672970576445;0.5536719083109047;0.6721265693919306;-0.0578052770073252;0.7337931636999017;-0.92629180263513;4.868735874194606
CHTR;3.0258015431806085;0.2377939010419508;0.2429234506144633;-0.5296614451743304;-0.2080246309691058;4.277624837500956;1.1263467189030365;2.3912323964211977
CI;4.485647811100374;0.3785272277227722;3.1876201460976548;1.398301296379079;0.3852775170412392;1.2905345757724376;0.6699861687413554;3.4906949011607
CINF;2.146610612201308;0.4869304385087845;0.6800418702023726;1.8191387559808607;-0.0195253582511925;0.3794367849809328;0.8976833976833977;2.3585010407744207
CL;5.29420901064195;1.588596092685143;0.1272809628575126;0.0701581027667984;-0.0417328192333862;0.7162877162877163;0.1027588964414234;4.410705233233233
CLX;4.328974489356374;1.1814795103778606;0.2290306378704169;0.0128388017118402;-0.0262343644583685;0.8301801801801801;0.4835164835164835;3.8931520576576575
CMA;1.8499140224159405;0.465444683437763;-0.03604568165596;0.5720053835800808;-0.2267282408699562;0.5617842073538276;-0.4545454545454545;1.7908149005424954
CMCSA;1.9612899895867952;0.3439482166995944;0.3687683025791201;-0.3772157466461403;-0.0121666313833816;2.253299070365052;0.6909756580249357;2.140979788194392
CME;4.76094818227683;0.3664554992154167;0.2867176996734985;-0.3511837377565585;0.0562639685627991;0.7947023382965736;0.2938299687233437;5.426708433615556
CMG;22.971822629247644;0.3613653740111192;0.685962105364743;2.704810698257618;-0.0201467129970868;1.656225934221911;2.354023521140264;18.703793301752214
CMI;3.658212092703863;0.6863569321533923;0.1758860387703152;1.1331331331331331;-0.1104441776710684;0.776297410551198;-0.1301775147928994;3.6633218764370894
CMS;4.255903851622874;-0.02042842215256;0.1133221935287862;1.891304347826087;0.0325;-18.59079283887468;-25.25333333333333;-42.25426790792839
CNC;7.459772657640232;0.2251736642055135;1.603902277706585;0.6268115942028986;0.689368115942029;2.4902987970508343;2.0880974695407684;4.489758398137369
COF;1.3672098266485146;0.6710779805411685;0.1595610926963081;5.251261352169526;-0.1274266831887649;0.6097318195588511;-0.0648738985110908;0.5650176705376593
COO;3.212125344736463;0.2374660466829335;0.3662926601215521;6.896755162241888;0.0102459016393442;0.9364579294300116;0.1239279588336192;6.480609228383094
COP;9.712476048305415;0.3810376492194674;0.5745207173778603;-10.449122807017543;0.0844822192265924;1.3348596216411617;3.695092518101368;7.009819741816283
COST;11.670892087657592;0.7730317961079012;0.5185351676031776;0.8689809630459127;0.0106104183725369;0.5387472487160675;0.2713068181818182;9.890396032281732
CPB;3.8497386532965656;0.55908122188018;0.4521158129175947;0.1296505073280721;-0.0065573770491803;1.432867429055485;-0.2025183630640084;3.252140509953409
CPRT;4.476645303301867;0.4184573799128795;0.8594933220808837;1.3755222245051708;0.0330846663110116;0.3613057315438619;0.6502907340252595;8.035998729341467
CPT;11.893477921301292;0.0899536106581724;0.2693862554612297;0.5472146704544297;0.1147553525175138;5.027900399281861;0.0972412775687836;17.779136110118678
CRL;8.193851002886444;0.3223654048360654;0.9057698612350016;2.1695675084106845;0.0592236894757903;1.901726209924672;1.2752337128048103;6.22100578722871
CRM;24.51839014088771;0.3031811864193913;1.5324166490307891;21.66856684777768;0.320156964918428;0.4888092372242318;1.4089645750895043;9.50509291338452
CSCO;4.352022167481747;1.3273233461487473;0.0377668992813248;0.102195858049745;-0.1572854291417165;0.4275583585411791;0.1432775712515489;2.679184926887735
CSGP;26.414197517069727;0.2590086075567024;1.0141676077204398;1.3844818452259668;0.1819849397590361;0.6816891286034161;0.9243734657761032;17.84470122827328
CSX;3.522471085383502;0.4437780121276035;0.0976507713884993;-0.3089014805337233;-0.1573033707865168;1.8415268082578344;1.3100558659217878;4.880346282489232
CTAS;10.146780480921416;0.6640208707361562;0.3368083178716684;1.311107782687203;-0.0008574368354864;0.6148868067303166;1.4813380353466377;10.009924478876403
CTLT;6.751468015206436;0.0144469525959367;0.9263756384311458;4.327868852459017;0.344;33.474264705882355;-2.5842204132748905;70.18920470588235
CTRA;8.7269212420306;0.1441731817264347;0.9549727103041062;10.534668751805404;-0.1406277291987881;3.2396168460076;6.028337899133247;10.983902731227536
CTSH;3.115460449197861;0.8480891953348493;0.2496286293045239;0.4208776595744681;-0.1146711635750421;0.2016952084414461;0.0438059349976448;2.418644956927867
CVS;4.7379203829986665;0.311193994449847;0.5809866587286553;0.1926910299003322;0.2833333333333333;1.7113050437301118;1.585810477910987;2.5042429356147937
CVX;9.549679353950031;0.3497831404071006;0.1554271797080357;0.6992930940728657;-0.0068019804188792;1.2149997496703993;1.9715933061454085;5.900717245706847
D;5.61026934846765;-0.0431292256477485;0.1094867312887335;0.0963654551517172;0.2735849056603773;-21.72438524590164;1.013612565445026;-18.56868861202186
DAL;120.49918822988506;0.0237774205258517;-0.2750703132576859;-0.9217221135029354;-0.099262131799729;51.91494002181025;-0.9864757358790772;22.86462241221374
DD;3.443462318952565;0.1684024106576443;-0.7334837718455924;3.4294520547945204;-0.009683779155624;2.259456914142207;-1.191047162270184;5.036286593627374
DE;7.363268782200127;0.1253437616387337;0.4655471001456064;1.761798897688852;-0.0247261345852895;4.493623495014084;-14.110828025477709;14.435199368648751
DFS;2.033892030025021;0.8205440761111937;0.2212791755077296;1.5959980943306336;-0.1791443850267379;0.6875973767165477;0.1673346693386773;1.0603151754773723
DG;6.571983644538748;0.3906302094443523;0.5348822496322533;1.12211651359208;-0.1178243760597475;1.705314478041613;1.7262116593044237;7.266698779585378
DGX;3.0418825193370167;0.5385996409335727;0.3994032948501751;1.58419689119171;-0.1021897810218978;0.8958333333333334;0.9826652221018418;2.936430592
DHI;2.510400410998716;0.1413750387116754;0.9710595415513448;3.0213790446841293;-0.0352658295484905;2.2662582146768893;-0.038876889848812;9.165418970427163
DHR;9.680590050356004;0.3217227424798025;0.6068457203336661;1.581357088399342;0.0270192584075883;1.3562593090420314;1.4714855503463715;8.013908741235877
DIS;5.698535530774801;0.171693904916161;0.222736093730163;-0.7778396436525612;0.1581632653061224;3.0744635607964432;-0.7719036697247706;6.997973480146917
DISH;0.7634699612517326;0.0538773042620478;0.242487670566572;0.1486418425979266;0.129030137913869;12.54736351609172;-1.586404035044348;3.412372836967571
DLR;8.515573309502273;0.2192533617663497;0.8014697745418092;5.884983021763562;0.6264906622157107;2.1295581973792883;0.6634610404522601;3.7459095421427415
DLTR;11.03403258107006;0.3299931463143715;0.2311913587397197;0.4973220263334077;0.0029698769622401;1.7332235193010097;0.6407872167554391;6.2993476129771535
DOV;4.954241823952146;0.532473997613326;0.0097880884282816;0.3845835412393044;-0.0752095577608632;1.0177874609864976;0.5114656287210478;4.919429061352143
DPZ;8.90405286469593;1.3424342488195593;0.6651963012632713;1.2885251399770818;-0.1919285978006344;3.0997721395476066;1.2037006269729535;9.219452288897726
DRI;7.755056680476875;0.3859800142220891;0.0036121726032746;0.3135044875808808;0.0490748189863234;1.9375868644752576;0.5882049518569463;5.929025201848799
DTE;3.821161491049491;-0.0511422637590861;0.1869596256048227;-0.2001763668430335;0.0782122905027933;-17.882523567802757;4.3007518796992485;-15.788961693981143
DVA;2.1179981388535727;0.440417683662141;0.0682346211153193;0.4744175112790792;-0.4421222629749768;2.4245194857632444;0.2865818066072706;1.2612042132748829
DVN;12.939027439572191;0.2180003719085105;-0.1249551939207111;2.1325167037861914;0.2895238095238095;2.4279215240261585;26.807692307692307;13.759443452942849
DXC;-2.648844931257121;0.4537308569566634;1.3306165373997634;0.2113821138211382;0.8102428947930764;1.540394973070018;-1.7963340122199594;1.2521380078994615
DXCM;19.46233086523335;0.132314843958066;2.407794015309673;-4.081673306772909;0.1205098493626883;3.460750228728271;1.05;20.374015531564503
EA;5.314578685590152;0.7904411764705882;0.1618163054695562;-0.1344364012409514;-0.0462046204620462;0.3209302325581395;0.4365079365079365;4.741235894573643
EBAY;1.1111397464451829;0.5824610737905536;0.0891606564231211;-14.393700787401574;-0.3919172932330827;1.0930710773357175;-0.1076612903225806;2.242644593294591
ECL;8.734032577580747;0.4304649887256993;-0.0798653013737236;-0.2509281357730045;-0.0113950276243093;1.4723720535145466;0.1604645456775987;5.466823080908898
ED;4.756093610870539;-0.0910543130990415;0.1365411784259951;-0.1173770491803278;0.1507652230543796;-8.976928622927181;15.052631578947368;-7.654784645998558
EFX;11.353021275818785;0.2532570452220636;0.4644875379215989;0.2671547760939894;0.0149875104079933;2.285130936529072;0.4483104717296755;8.831471410563692
EIX;6.250269966555184;-0.3449347026752885;0.2098214285714285;0.3425253991291727;0.1656441717791411;-2.9618942596336457;21.17842323651452;-1.3738876824113215
EL;9.846627525987524;0.6810429880197322;0.3713633288227334;1.2978382706164933;-0.0114410242440751;1.0949917218543046;1.3101851851851851;7.841436821192053
EMN;2.367005205792014;0.5112745098039215;0.0970782280867106;-0.3807803468208092;-0.0642265193370165;1.296260786193672;0.0327380952380952;2.0688033994247363
EMR;5.155009560369111;0.6859596494323863;0.1947064989517819;0.5171277997364954;-0.0715171345037758;0.7328074086777568;1.084958217270195;4.550748021265649
ENPH;99.28928644797836;0.4070230300262835;3.829536003578343;-4.218467870419543;0.5138957547112939;2.018875011894964;-10.1981697018088;63.61434495561718
EOG;6.503409042715601;0.3581003311140385;0.7552238635485452;0.8059466912725612;0.0111381830838844;1.1944763373581373;34.01920705345373;8.273776130437533
EPAM;12.81813697017467;0.5648226047945243;1.5910229115418133;5.619736118746564;0.0877930756379975;0.1708779268598195;1.783471653438674;11.474727159148802
EQR;5.13046856215882;0.2880649741575473;-0.0029978886512373;1.2087019060276345;0.020001744021277;1.6196281127657162;0.0431337273647773;4.019507477916178
EQT;-3.8060360233200217;-0.047627038479408;-0.008520543513426;-1.765323702759443;0.9041092966165012;-12.370863227651077;-1.5420268978572214;-29.63453603828
ES;4.954485094598453;-0.1199570543639714;0.272327786377709;0.2353562160170689;0.0838431587664372;-6.647632711005684;13.927791389138545;-6.324723857757675
ESS;6.010724126069756;0.2363264812808774;0.0562043083835386;0.1281465112144073;-0.0056980527852742;2.169854637667793;-0.9999989185617802;4.694378628028305
ETN;5.805767395686095;0.4433318878858359;-0.0380317584787296;-0.2817420435510888;-0.1025871766029246;0.9215721145296104;-0.2600186393289841;5.6245630247199
ETR;4.387757147555646;-0.2355487617238885;0.0603563273077988;1.630095473641893;0.1185008017702411;-4.548659687724003;1.9905994987366828;-2.4356157109284777
ETSY;11.356662310622276;0.5572790875442283;4.278672622730497;5.033092909535452;0.0732780767176879;1.539171943265533;10.487929382279228;7.416827678425378
EVRG;4.774138471802934;0.0183902250186208;1.1729651812930597;1.7157940232156088;0.6123371518418689;43.10205626004216;-5.200469575690324;38.51464620976144
EW;9.145121832791933;0.6834911587141063;0.5231566384304136;1.575565455791638;-0.014382803856488;0.3664081065327534;0.6993456131846825;9.593295538716765
EXC;2.9369289017359708;-0.1091151634460964;0.0839819868181682;-0.5474801061007958;0.0337909186906019;-9.745637982195843;46.77884615384615;-4.317372634777448
EXPD;4.218234479420386;0.7775727112648088;1.387464405165304;1.892625857012946;-0.0563579864656033;0.1250626706213747;1.114325128358861;5.211362546544895
EXPE;-11.246501427843429;0.1809435366445559;-0.1453147782410939;-0.9603136806680002;-0.0039572876750275;3.820595630232866;1.8241478879965909;6.27498571903735
EXR;7.852263599036017;0.3684336868536372;0.4274652966627421;0.7278215831303118;0.0588015760944554;1.6180110841123734;0.6093076823914946;5.604615273789328
F;1.9292881600914809;0.2997123977310786;-0.130345205898862;1.3595106550907656;-0.0017850565535573;2.0874454574479406;-0.1346066805467548;0.9576288600517932
FANG;-38.11428423331991;-0.1788656209411529;4.640144351848087;3.524520954420946;0.8574873278745716;-2.294351789063748;-1.6816641057644337;-8.16532561753393
FAST;7.2883928244783;0.8444414243000815;0.369069582052158;0.5986864846180435;-0.0024288688410825;0.1849550970483149;0.3185041908446164;9.162396812051371
FBHS;2.9772772637043823;0.4406019464551657;0.449113243616679;0.6343630977570884;-0.0872024376894735;1.139920606846677;0.0900528371238226;3.065391471131549
FCX;5.687997752779307;0.3248139563254849;0.3927330366396391;1.3698403962575674;0.0148400248790601;1.7944600938967137;0.7114914425427873;4.852155829483568
FDS;9.35277262577075;1.0229669514737223;0.3032037072370225;0.5472452073306254;-0.0360713385879395;0.46367149648072;0.7411418398462976;8.01705496349857
FDX;2.838099524682073;0.0400461817582055;0.3919163116099405;0.745412078745412;-0.000959652808727;18.512767710049424;-23.85483870967742;17.09639359472817
FE;7.456910752242926;-0.0419318146884318;-0.205821502461297;-1.744199535962877;0.2252252252252252;-23.71041055718475;-0.6215098241985523;-15.843201876832843
FFIV;4.347556029112777;1.0616207298281803;0.2456291527295397;-0.2127573610672092;-0.0508313465164477;0.3814818047751841;-0.1190581995412844;2.584383080577212
FIS;12.060480547728767;0.1605187953396351;0.5211005151814097;-0.6838514025777104;0.8757575757575757;1.927051949237652;2.155141843971631;3.345178481146718
FISV;11.084564140975436;0.1989771936751461;1.8486657303370784;0.0706260032102728;0.5895953757225434;2.4571482566380043;1.403010033444816;5.884256009071152
FITB;2.1608179264599854;0.2325232875907261;0.3346133705707802;0.2625341841385597;-0.0548120320367326;1.4938708454442058;0.8962787015043547;3.0300057768229496
FLT;3.6050789618964583;0.5639294108362193;0.2596968799815784;0.1341488786814374;-0.1019763192836528;1.0521682972998063;0.789430840612255;2.8843842454312565
FMC;5.62925818000214;0.3151426916514034;0.7526575418606267;0.3745800671892497;-0.0342516753536857;1.9915056380706373;1.8823058446757408;7.838904900899111
FRC;4.041365912609993;0.174799209833187;0.9427005182231968;0.9507430773697964;0.1229254428259655;1.7283093658696822;0.1899242044303977;5.159858564925616
FTNT;4.313237357027757;2.195205395119767;1.2356899654164408;18.325456224720533;-0.0637638757421908;0.714512798692023;1.6221266715022882;1.9633039483804915
FTV;3.3474326011360187;0.4175103400314776;-0.2105318509615384;-0.417520344662518;0.0043165467625899;0.5669600589122278;-0.1241949437662212;4.060832384893222
GD;4.307272009403032;0.4600856697819314;0.242017240822652;0.1184752747252747;-0.0698529411764705;1.301594018902525;-0.0194146624166908;4.910921994075328
GE;-2.623356198019802;0.0444226809301391;-0.3841020021914533;0.1268579329415831;0.0164705885489591;29.765404183154324;-0.213487629688747;25.162864877331828
GILD;4.6191908269697945;0.9511505684792396;0.0458880759949438;0.3450734658599827;-0.0390206579954093;0.7766037071280765;-0.044481782808631;2.2184847063796065
GIS;4.739474834529228;0.5173225166376934;0.1605142191321271;0.4116440422322775;0.0459887583035258;1.1712857676249957;0.5055558966173491;4.046836807983436
GL;2.6199255132944668;0.6370933243252566;0.2318936522111391;-0.4878225692233863;-0.135673848005502;0.2275221847863938;-0.006627753371196;1.69345361538053
GLW;7.111373085381302;0.1751493184950737;0.3920521945432977;-4.835010060362173;-0.0513966480446927;3.728650539201399;7.875;8.180877169338386
GM;2.071960580796253;-0.2287493047909833;-0.1276478830672857;-3.5929089026915118;-0.0088737201365187;-2.5924777333961844;-0.328190198932557;-1.4047817687250357
GNRC;4.168613558988;0.3898675913512827;1.2345631694913737;2.346542356292272;0.0104011875816238;1.034686878851788;0.3217353141252112;4.559062851188501
GOOG;5.7781681778987135;0.6698068064135986;1.3240900275134184;5.004817564365819;-0.0393777716467994;0.2312732584796818;1.8030284017233449;5.97769898459209
GOOGL;5.779362425029504;0.6698068064135986;1.3240900275134184;5.004817564365819;-0.0366478048179453;0.2312732584796818;1.8030284017233449;5.978934471279443
GPC;8.697589305566408;0.7495528085770031;0.1570752503510221;0.4572838249099726;-0.0251801005844773;0.8494746757856373;0.507177004419072;5.052301577386036
GPN;9.746474435131026;0.1705434768202052;1.1442547135802985;1.0610770133959546;0.8848899464604402;2.309456370994257;5.922017168810498;4.368712244105875
GRMN;3.7684448451046126;0.5654505519951398;0.6141200335341321;0.5572231295551511;0.0173403326447601;0.0835377785962896;0.381058489253587;4.759017306092521
GS;2.198524926397201;-0.0390129803962436;1.017029810666576;4.047830144657023;-0.1369521912350597;-15.775495666627092;-0.8209967983944187;-7.087195543630536
GWW;7.733608700467541;0.8261426249492076;0.2491297243569169;0.7806839328700937;-0.1001300390117035;0.7141673187788132;-0.1675556651376706;7.521464204330549
HAL;-24.15432168302945;0.3189945123030624;-0.2582444228903977;-4.146868250539957;0.0275862068965517;2.0878653348131704;0.0155251141552511;6.371450743618202
HAS;4.796140708911542;0.4444404785418018;0.2323740225598691;0.0809188945227895;0.0977375058981597;1.434410813250746;0.1623389951840624;2.723223288828337
HBAN;3.716556145526057;0.2973524962178517;0.3909914093336429;0.0919055649241146;-0.0624014691809426;0.9040956499618418;0.03125;2.8845618926481813
HCA;3.259911343950934;0.5448645819704304;0.3470903838217086;2.1389891696750905;-0.0304663122451381;1.9052444529824224;1.2322687681459976;3.165348552108347
HD;5.724013601358654;1.361368306539345;0.3965854432052434;0.6169410581877592;-0.1261187957689178;0.7834070285724433;1.0063709875030629;5.266909750288566
HES;-6.218730953137846;-0.12729634440527;0.3671789242590559;-1.137211585665194;-0.0169073476589056;-5.065597667638484;-2.152217741935484;-22.05262317589893
HIG;5.164435240797862;0.6915346469478211;0.2754212324731943;-1.7553497285212392;-0.0497662908990926;0.3137453991623302;1.0454545454545454;1.5937713273258027
HII;3.1484796701030926;0.3838095238095238;0.2799354925413251;0.1356993736951983;-0.1181619256017505;2.229942100909843;-0.0069444444444444;4.041720800661704
HLT;13.942533417468256;0.4060511331919169;-0.3667396061269146;-0.6743447180301827;-0.1388888888888889;3.640637888369535;-0.9581005586592178;9.963333613417651
HOLX;5.518747207422753;0.5394122120817036;0.8413430103308487;1.4771674387822633;-0.081358488408247;0.8496147842288131;-22.82980866062437;4.762173902009165
HON;5.750229614531426;0.6961490939044481;-0.1515271130409039;2.3486404833836856;-0.0938197086996457;0.9507839077059608;0.0421479229989868;5.290959685253661
HPE;2.877227719013425;0.0614828732475791;-0.0376502372623047;8.962209302325581;-0.2047387606318347;7.990126939351199;-2.498665480427046;8.66550106629055
HPQ;1.505019169811321;2.918490460157127;0.2195904410634701;1.5744259699129055;-0.2843601895734597;0.5366533673027929;0.779236641221374;1.4723910082199685
HRL;5.368732482984502;0.3688733855005074;0.2420142243501213;0.0733452615044848;0.0241330297541652;1.132119073814197;-0.0245807506559683;6.5761195169451545
HSIC;3.77261951690532;0.5334592328262441;-0.0048567019349048;0.5536144563486496;-0.1064884205960953;0.7496226829752357;0.3589352907455378;3.578862361921141
HST;6.71849144857768;0.1285606251575498;-0.4635232968256915;-1.0195035460992907;-0.0383157324668291;3.335294117647059;-1.141657922350472;8.02706037124183
HSY;8.042522257820098;0.8058155630042071;0.1937230171649617;0.8870342958513681;-0.0557253739781855;0.7875690556734404;0.6000635183094047;7.198878189965106
HUM;5.400913020551073;0.5274349133907271;0.5448881284058995;0.1981209150326797;-0.1093824614341179;0.690986561783022;-0.7316312056737588;4.6514057859062605
HWM;9.88884823635196;-0.0807231983702572;-0.616358024691358;-4.486486486486487;-0.0349137500999914;-8.608832807570979;1.380952380952381;-24.28538912302839
IBM;3.483145936670072;0.8240642071895866;-0.2753130567735251;-0.0019120458891013;-0.0394610087907375;1.2994500098212531;-0.22569685738553;2.009428327637006
ICE;4.326505964711493;0.3108781624139985;0.5714775454233801;0.6141607000795545;-0.0441426146010186;1.511109174871482;0.5457175925925926;4.743059863030409
IDXX;13.165672254434716;1.193397330971917;0.6329432652567878;1.8305604535919495;-0.0276521323018377;0.4789238489111604;1.144494422939455;15.34951289439576
IEX;8.459688300444533;0.574855762007312;0.2087550801989409;0.3325149663313141;-0.0030433413789484;0.7118310493551004;0.2666658095372787;7.372206822618114
IFF;14.002609596657754;0.0780173190693682;2.429527419006985;-0.0868043224595403;2.0732262552168965;5.823604733535311;2.9727560613179618;9.484158988888318
ILMN;11.900796404322334;0.5051200877045033;0.350498859018176;0.417921577697131;0.0014442597487533;0.5499427852481771;1.1425634292557296;11.70923013152214
INCY;19.053782152585363;0.2484598900342741;0.94391088232384;-4.02923593768961;0.0774660279597223;0.3260496860727281;-3.786553534402894;18.01468341086122
INTC;1.240301082871016;0.5401672010307734;0.2591258902821816;1.0693677741901886;-0.1365666879387364;0.6317329561213735;-0.064847077042199;1.590522561047318
INTU;13.409872220270094;0.8849299538424164;0.8607301525980298;1.1235839340885685;0.0505836575875486;0.2737920937042459;1.2826880934989042;9.359177838945827
INVH;37.57384528727609;0.1334222809600221;0.8935024315855759;-3.4817965197414016;0.1126944428878025;3.573828897250532;2.776118267958448;7.780842431767521
IP;1.7122974340118189;0.4793480819016239;-0.1094605160281469;-0.1828358208955224;-0.057537313189139;1.4750214802994968;3.046448087431694;1.600484222413158
IPG;3.6784383659509783;0.7145441130970798;0.2991855272505835;0.6455958549222798;0.0100102669404517;0.90170869000433;1.590301694448271;1.9344790114245745
IQV;12.979782221038615;0.3179653679653679;0.4245815792175788;-0.2620320855614973;-0.1216712580348944;2.281484002722941;2.8302828618968388;6.63568172089857
IR;22.097527646757506;0.1795770999545697;1.1690662625242063;29.570652173913043;1.2407608695652177;2.0485553237761307;2.837160751565762;9.573208794993564
IRM;8.900163982827577;0.126813384439173;0.1679729289069159;1.449225061336844;0.0886016442395204;7.2667533491630385;-0.5555092978073828;8.982164895974726
ISRG;14.424006969186165;0.5009580387399071;0.8249544568378664;1.5827272727272728;0.0647567860340197;0.0757783270978086;0.8211288292068821;14.291986060929984
ITW;5.834758370139969;1.0474493786390893;0.0098504960178845;0.5969176052163604;-0.085730892182505;0.7451256948477557;0.0741092636579572;5.602878401725712
IVZ;1.4949074898001236;0.1956103404304648;0.336065732612445;0.2356959105828084;0.1223742061553492;2.53162656552487;-0.2301032565528196;1.4331290837975583
J;6.727111192519974;0.1696824512057253;1.2262798560407802;0.631245447675194;0.0906760492586076;3.2764714160789743;0.3866744304662001;9.188595502063489
JBHT;6.148570784340298;0.2999057488665537;0.6924941804570177;0.1086216217397703;-0.0424499344929115;1.4690541063625735;-0.1580927717267118;13.727999299779595
JCI;3.836400310029876;0.1690635262144717;0.0364790891175826;0.0161390440720049;-0.2422752058163156;3.1344050011163205;-2.453794139744553;10.034255331993748
JKHY;8.892953123346478;0.9644476694012264;0.2285683141210676;0.2672004491584382;-0.04418347462689;0.3623061476867742;0.4549957922117665;9.759864358347109
JNJ;7.320224548986541;0.752750040591005;0.1487550424259285;-0.1103990326481257;-0.0273411044699245;0.9318405478639508;0.299079853291294;6.085795817360709
JNPR;5.666117931273863;0.5439724043671391;-0.0580442393380012;-0.17472240365774;-0.142176330420969;0.8056951423785594;-0.4682117413653169;2.929663632447954
JPM;2.3168497848967573;0.024518826129984;0.2294021964255044;0.9775786588110142;-0.1492566730487667;18.923990946812523;-32.221111555377846;24.880135081604426
K;4.963727063528432;0.3717491984324902;0.0712618640112027;-0.0023923444976076;-0.007530950631965;2.185433636799233;0.2934497816593886;5.709356404408242
KEY;1.9185245927433028;0.32036735101321;0.160811479465611;1.025462962962963;-0.0972830335106214;1.2507270461154965;-0.361714621256606;1.7628985326132114
KEYS;12.449743541718556;0.6180471844325813;0.5493885230479775;7.764705882352941;0.0277777777777777;0.7489551407077181;3.763485477178423;8.35648709724157
KHC;11.48519208687068;0.1772770005753013;-0.0013038809633379;-0.907503884471255;0.0048840806240139;2.7606458762070605;-7.4623188405797105;3.683552187430743
KIM;4.152992758621449;0.1717829055489762;0.1363643934132444;0.9810103854955112;0.1950690959222311;2.736107967954363;0.0076426981622681;4.336917395212994
KLAC;8.02327535430918;0.9831635476278884;0.9881339557829364;1.244191621422;-0.0152235600889638;0.7042320891435144;0.8763350434312357;7.308894224296272
KMB;4.120923368294876;1.0591039084842708;0.0646804315679938;-0.2036874451273046;-0.0363476738092391;1.0352035203520351;-0.1963619402985074;4.1258689708970895
KMI;7.000714070348344;0.2035529804877301;0.2119664356074425;8.748633879781421;0.016591928251121;2.46039156626506;2.1330502476999293;3.1023495710843374
KMX;2.6325723235780067;-0.0739299472010461;0.1937013003619878;0.1913153739413369;-0.1426897758257461;-10.525278612476209;-1.567792192552709;-6.7467856827629165
KO;7.502017035404455;0.5923159965099599;0.0916407794408359;6.829326923076923;0.0053838951310861;1.2369610266397024;1.072914748665071;6.390752783761516
L;4.1645019331163065;0.3065760600268988;0.0005096468875136;0.3556701030927835;-0.2372181456284721;1.6818286769799122;0.3733162283515073;1.624549992149619
LDOS;6.620095143621766;0.3444819697134764;0.2091445427728613;0.7158469945355191;-0.0657894736842105;1.8130929791271344;1.5865168539325842;4.693944753953194
LEN;2.144030098546644;0.3816588532322938;1.145333935878017;4.466033708419702;0.2928759671944508;1.0423509271255431;1.7879641754350684;2.308762368565329
LH;3.1579575458453344;0.4524028768318738;0.5439404677533664;0.874546601482416;-0.0556640625;0.9750828133938192;1.3157342657342657;2.902612044858918
LHX;13.477172212039532;0.158319587267048;2.083728813559322;1.0235081374321882;0.7455138662316476;2.6333407226778984;4.382222222222223;9.975676793615609
LIN;11.11963555955056;0.2804225706380481;1.7111287198450431;2.0681635926222937;0.8400550546529216;1.347485499013335;2.83757225433526;9.468612711116426
LKQ;4.5901330999891;0.3939317870200868;0.3442155000113486;1.04381313888306;-0.0128545366760961;1.180177102993447;2.15935669933198;3.822899992671635
LLY;14.786782322753083;0.7411586243975499;0.2381631127220577;-28.347868691817737;-0.1378867192067093;1.274573302796978;0.5606894553881807;17.715345805154563
LMT;5.026785542723076;1.197349237905898;0.3133521391631406;2.1543456543456543;-0.0271021542738012;0.9562762895727251;0.4529156444612191;4.901403392812338
LNC;0.9554536602150536;0.0271405732981373;0.3408150382268359;-0.3241943241943242;-0.146732428229186;8.321917808219178;-0.8083756345177665;8.520552504109588
LNT;4.634116088540208;0.2345923736754847;0.0847968777718644;0.441711229946524;0.0892468437091859;3.2290674450760486;-0.4081757169005491;4.065548703641112
LOW;6.469320859462309;0.9216218171296297;0.378054970238553;0.8865179437439379;-0.15;1.042659236293709;1.0804494382022471;4.8162559045563365
LRCX;4.752245560348139;1.114921464757329;0.825161412694887;1.302122263236977;-0.1147378284079841;0.5156747423822164;0.7303974703276895;4.806826841236617
LUV;3.565366393762184;0.3404274069178233;-0.2541684379575835;-0.7198967889908257;-0.0149750415973377;2.166968677193891;0.0779761904761904;2.840848501164898
LVS;5.832472040978941;0.3380273426040016;-0.6713243285204161;-1.34248039914469;-0.0353535353535353;2.646415552855407;-1.2223421478683216;5.336393009546954
LW;6.549303068205666;0.4597640971944196;0.1587436868686868;-0.0278372591006423;0.0009931697680891;2.0835956862482417;1.5454545454545454;8.361559145287695
LYB;1.3932894933440096;0.6472066271445959;0.3389687971233036;0.1469563435130149;-0.1533845503235244;1.070063694267516;0.5676414320852692;1.688851116530179
MA;9.48216624965141;1.5704499601182378;0.5110826598383612;1.2189016602809706;-0.0609184629803186;0.5107406411520421;0.6853078721745908;9.34590136464402
MAA;10.449033976014292;0.2135229929924747;0.1629150542156342;0.625533301459594;0.0068867001155131;1.9767881050198632;0.9557756425944702;7.746202992477011
MAR;9.010725277860328;0.5950197628458498;-0.3947322442561369;-0.1989795918367347;-0.1316631130063965;2.3557858376511227;-0.5473588342440802;6.445296252956025
MAS;2.772558522691706;1.148217054263566;0.0956305599162742;-0.2345215759849906;-0.2229381443298969;0.9667836889008912;0.3875432525951557;2.870642553605185
MCD;6.975678600026515;0.5761876001870916;0.0176377276471928;0.4531517824470851;-0.0590033660748016;2.1353125689606256;0.9206220419202163;8.086457723274803
MCHP;20.89347660735439;0.4819345568636162;0.5958650240462562;1.1222189153238298;0.1952337980441628;1.2576945047214856;0.8532894643252701;5.103609078687392
MCK;39.53088367624021;2.0036534446764094;0.1999415714264127;-1.8952662721893487;-0.2733031674208144;1.0803334201615005;-0.0671927307508369;3.1550567226882
MCO;6.232446173843246;0.692680686931766;0.4790323731595347;1.2126723965620627;-0.0245944531658817;1.22875401055339;1.8406150098949607;6.382502152573383
MDLZ;4.891834987353007;0.2846937507764939;0.1090515909793018;0.4715947980835044;-0.0541969596827495;1.8009309767983126;1.0113996200126665;6.414284759037021
MDT;5.646244765552138;0.3336410611480812;0.013699091215079;-0.1047666335650446;-0.0246573355573283;1.267130394681219;-0.1317099182367579;4.374044117597325
MET;2.309427165857815;0.7283720165768558;0.059847852603197;0.6344139650872818;-0.1733330848573368;0.4316753167209309;0.0254823740128633;1.0047768848199607
MGM;3.378057390508424;0.0215457519075595;-0.1015197462312639;-0.3601086780194318;-0.1639973927615932;34.45576976125664;1.5785896024000303;20.649461711020084
MHK;1.477346205681124;0.3160435954844652;0.1800938544707832;0.0633671335293003;-0.0782172492166171;0.8084010630249919;1.2009930562558024;1.729136271487211
MKC;5.841911788064819;0.3489194338872869;0.3069444157133696;0.5821114369501467;0.0540220820189274;1.5350134330101624;-0.1305103491862853;6.169116168671884
MKTX;8.215081664986316;1.009417261054372;0.7584955883573896;0.7414392696283991;0.013427734375;0.1299083720852738;0.624636786030124;7.802552912073506
MLM;6.534445612879574;0.2115979522353935;0.3652431388588947;-0.0151988807612617;-0.0095389507154213;2.7806715375788804;1.8866545749799035;8.234073707291923
MMC;8.06233262252315;0.4834727690288714;0.4132915002852253;1.10656836461126;-0.0136452241715399;1.40062770379167;0.9547454431175362;6.868267582322504
MMM;2.6456723895406795;0.8245729500104706;0.116814606564109;0.2188143268834911;-0.0309623430962343;0.8315495410514095;0.2021779330182864;2.5035165716358887
MNST;9.07823304194769;0.8192693991473364;0.6447842044258832;0.6784597613192994;-0.0670787004527313;0.0506973659607197;0.2276819997250176;9.632507719742115
MO;3.571154123149689;1.3940918375066194;0.0829485995690981;-0.7578751711993739;-0.0327954190525767;0.8831429579184416;0.7438069023925471;2.212435446400955
MOH;8.526554007067137;0.91636798088411;0.4016554787260889;-2.287109375;-0.0333333333333333;0.5501955671447197;1.8440111420612808;4.1947236575402
MOS;11.467563816343194;0.1124646135369306;0.667800361702702;-16.21082089552239;0.0800797948133371;3.814175907997418;6.785095320623917;10.712614182949013
MPC;8.26662752105924;0.2157890386046127;0.60548887372379;1.8374125874125875;0.2800788954635108;2.5968433956481767;-0.2530306938354397;5.548875552558995
MPWR;23.64381246828096;0.5976157268777357;1.5647135767812133;2.71183841234299;0.1117291414752116;0.1545495510643306;2.3031389607336;21.80818691865353
MRK;6.496078665595105;0.5334015330932328;0.2138976122825382;4.450710108604845;-0.0617855413459304;1.144549825289651;1.1191050669006362;6.583118576255156
MRO;-5.360391263972485;0.2148299319727891;0.2808140864395152;-1.1652979206709768;-0.0741176470588235;1.4791006966434452;13.148387096774194;7.89630784040532
MS;3.049321592117121;0.1236283686807751;0.5735244895682249;1.4601538209785632;0.0028089887640449;5.384496195740154;-6.161884577763287;3.521095173932148
MSCI;14.05702968878893;0.7758718452144463;0.6038211481652399;1.388321950705986;-0.0870417109458023;1.3731558609752217;1.4857109086764544;11.807619456707632
MSFT;9.104557040166076;0.9689125346224072;0.8686826014452473;1.889596302584418;-0.02569067906016;0.5074443274520031;0.7884505067244566;8.178386677714252
MSI;11.114582192615543;1.0745046667758311;0.2807210031347962;-9.03225806451613;0.0435850214855739;1.241846997866504;0.4244861483467381;6.560008660774154
MTB;2.538309954386412;0.4702137205246079;0.0638446486240602;0.3198452609021051;-0.1547854471310444;0.3465513341310959;-0.0507675078774488;2.137052703733956
MTCH;6.883126823037359;0.9738982308396296;-0.0979554244492158;-0.0892058348965643;0.602154552659943;1.1243491706169606;1.4402360134479597;3.3481913934635807
MTD;10.464732137338132;1.4841868538435266;0.3643514456416077;1.0453251837902822;-0.1004805049472895;0.7302911910517073;1.0602907181556136;10.733618913040395
MU;1.8456431795804609;0.3489348407630875;0.3633008562149394;0.1516997445470622;0.0284664830119375;0.4752098489087856;-0.2869260017548991;3.5203552196978176
NCLH;-1.202240500851356;-0.3909005433073194;-0.879917534179303;-6.930718594710688;0.602563782164882;-2.160608723445116;-16.084050260622778;-1.2141992354937492
NDAQ;2.533294801762114;0.3567070755090721;0.4844892812105927;0.6171662125340599;-0.0120192307692307;1.296756996890271;0.2026143790849673;2.2992098089737896
NDSN;7.468176399725816;0.6336633472392023;0.1428299811028833;0.5360545229579246;0.0096987815688387;0.6019094708495973;0.8252305700879132;6.494656992311993
NEM;4.641042501206872;0.3511648586163969;0.6633097441480675;-12.89795918367347;0.49906191369606;1.6304061582092575;0.7876106194690266;3.3107325368175835
NFLX;10.032163761310532;-0.2000233786779607;1.53985914133016;8.153627741627291;0.0209245516746356;-3.239867796610712;-0.9344376716990318;-18.485280400770726
NI;9.887320976368764;-0.2181628637023848;0.0051286259385385;3.5517509727626457;0.1666666666666666;-3.7953825503355705;-0.3497273489932886;-2.7294314523489933
NKE;8.209785706735977;1.1509247232015836;0.2965938864628821;0.3507075471698113;-0.051152129328025;0.8222174450475628;1.3518737672583827;8.148456088138872
NLOK;2.3422403720930234;0.4873160037582211;-0.365264991291366;-6.226415094339623;-0.046925566343042;3.0366323907455013;-3.413793103448276;8.285148462724935
NOC;4.650660838177089;0.4517747902853584;0.382281130101151;2.476426799007444;-0.0837155963302752;1.631638692937647;0.2771513353115727;6.669227891348415
NOW;90.05656797941371;0.861794719918768;2.0501400395028315;-2.5422785489170523;0.1625490241519676;0.4229878376268693;2.6899381235264443;14.136561559752924
NRG;2.0683066026666665;0.3601413308656515;1.5391852479066703;-2.0157919182535995;-0.2271293375394321;2.725297827610371;-0.1884057971014492;2.5364657005372577
NSC;3.598612175585073;0.3677449874458717;0.0560136479954506;-0.4439304219096965;-0.1479680444598819;2.2096774193548385;0.8202614379084967;5.629730704136157
NTAP;4.612520118250377;1.5766656968286297;0.0460753961027135;0.5176715176715176;-0.1927272727272727;0.9638309651227164;0.4438964241676942;2.821646833733161
NTRS;2.5050875576247464;0.3353569437958513;0.3734092502496335;0.2888240200166805;-0.0873529076746488;1.1825981493127302;-0.3259858929143956;2.6264672380439014
NUE;3.053820365871386;0.4489561505091158;0.801463115988318;4.177465025843869;-0.0921278789962186;0.6655031994707474;6.646799113335147;4.190646455353534
NVDA;22.072801181328995;0.6887433790716103;1.4131693198263386;1.600240096038415;0.1404805914972273;0.4828024706309797;2.1377005347593583;21.361723899721447
NVR;3.3312137495104825;0.9208399028302284;0.4190988154312296;1.3007826670957972;-0.010983123493169;0.4748162946850766;1.2319356220437996;3.4270042595044448
NWL;-1.3089998338223214;0.3554394850691147;-0.2817218596952965;-0.7919091967403958;-0.1286213273063488;2.010093513433279;0.1316089767972613;1.6556312281430905
NWS;-3.282959515151515;0.1710960842899827;0.1497726993488143;-1.4471544715447155;0.0154905335628227;2.017922794117647;2.5588235294117645;4.580452705882353
NWSA;-3.2636158313570487;0.1710960842899827;0.1497726993488143;-1.4471544715447155;0.0154905335628227;2.017922794117647;2.5588235294117645;4.553464
NXPI;6.096803064501442;0.6566140006919617;0.1952247191011236;-0.1553047404063205;-0.2155761473633233;1.022393958022306;0.1727720065609622;3.527868217440941
O;19.024531478742;0.1292371306898664;0.7112335577182489;0.1275353044874811;0.2546381179708247;2.9867547354901443;0.5096066678084147;6.696807082726171
ODFL;9.219482246698645;0.6193598842676005;0.5652628619891177;1.2303427962757725;-0.0463705431630785;0.2894040566793733;3.297420363367473;13.358507677823589
OKE;5.493452187506845;0.0253087497528867;0.3586689137677822;2.866806242764432;0.5006303008299802;28.855319549097835;1.303081247143592;54.194320745581216
OMC;2.4734562183587645;0.7752663403397639;-0.0644641734758013;0.3846012495406101;-0.0787774429616874;1.04264933457134;-0.314738476363831;1.9004656549675023
ON;9.408487652750898;0.4178538872248991;0.2158900254370298;0.2453435302824719;-0.0265465750177767;1.0839904010970174;0.8468146027201146;8.484557569108985
ORCL;4.217317657385088;0.7092586227923323;0.0729166666666666;0.4725227637921799;-0.284325637910085;1.5786503681240522;0.1360594795539033;3.1724976934644302
ORLY;7.077130139371028;1.4442636251789611;0.4845143413822164;0.90922328727011;-0.2241196028317463;0.7055699475834664;1.947977439543928;6.561259484701867
OXY;-8.848304293767779;0.2675342600808439;1.0751519027822194;0.7711670480549199;0.2220624754933995;3.4187057783018866;4.043449637919684;5.043689962264151
PAYC;25.391478374991884;0.7083627253705563;1.4374351975651605;1.933225560195788;0.0016570954399316;0.5063604629462497;1.7126427096937271;28.11560336899557
PAYX;8.239252429632604;1.45530675405061;0.2873417319836258;0.3428361678698152;0.0002779321845469;0.2396440187283319;0.3228264634568756;7.334021293112691
PCAR;3.657485471106529;0.2149781427761418;0.2089749388376061;0.1055993314231136;-0.0144927536231884;2.076551665461352;-0.3627473538886332;7.3195608865444335
PCG;-2.423722612624024;-0.5196849221239466;0.2046688065363291;-1.0530120481927712;1.455078125;-1.7265121343227987;-16.598214285714285;-0.9868921248101774
PEAK;5.304784974763258;0.3029074067499763;0.0258637573050534;0.2206128416177937;0.1318289355511041;1.5077516748862532;-0.061145800498441;3.1603252387619394
PEG;4.9099109936263;-0.0906742595473625;0.0702333773667987;-1.4116899618805592;-0.0019801980198019;-8.898996438977015;0.0334608030592734;-9.476493798640336
PEP;6.270042597402598;0.5610124536719889;0.2510665092483274;0.5684578958204654;-0.0267605633802816;1.565672062368891;-0.0048398576512455;7.739445798553493
PFE;3.299427864507214;0.6933339157784378;0.5469874015148631;0.031490519992491;-0.0618090452261306;0.7729810103453925;1.0956289903879886;3.339756561045376
PFG;2.850661128806461;1.0332474201642112;0.0120270768881446;-0.2596087257617728;-0.0539979231568016;0.3118264838025407;-0.2322280771525154;1.125549815230383
PG;5.7780361561467695;0.7862450014506831;0.1700021519259737;-0.0665535690982643;-0.0485080316866178;0.6340809908869208;0.6633578823780553;5.21977448029778
PGR;4.29382244654245;1.284815653858126;0.7779058103154448;1.1045722899133277;0.0067148760330578;0.1699861701375919;1.0877509649829218;2.4899381986183595
PH;5.90113033701858;0.5460392930061825;0.192723241362432;0.7755528710245553;-0.0328216262666759;1.0782963336327305;1.1525389019798438;4.690051325332157
PHM;1.6589698136854238;0.5617116003943348;0.6244577027381681;3.352031769527817;-0.1501332398087115;0.4949972667694443;0.4757553571485168;1.6999370200504178
PKG;3.4731297688760976;0.6576757222940923;0.1994445220251672;0.2580017947950942;0.014372253380259;0.8064780513392126;-0.0469694016760865;3.877111817198308
PKI;11.534757640941086;0.2852718785653375;0.7880948250474943;2.1066585858240967;0.0225603692857859;1.5749145856124278;1.5545242746454362;10.081278486103823
PLD;8.559037770990283;0.2070853085862841;0.8178748681312721;0.7791433283403689;0.3941157616892911;1.6134882106296218;0.90030514819445;6.872648166995774
PM;3.6579162431585535;2.2998775385243397;0.092423820787533;0.5093620546810274;0.003221649484536;0.6709781909347059;0.5234926670287887;3.10792626290684
PNC;2.265259560943868;0.3788579354987862;0.171841508971768;0.0629449231922068;-0.1122661122661122;0.939252479023646;0.265836111598526;2.0181026367658275
PNR;2.978487953708574;0.6753715997884966;-0.2373544008913197;-0.1702925731432858;-0.0880572372041827;0.5567395937540777;0.0067358456217003;2.9552984733156453
PNW;2.897259300905544;-0.0985611823253476;0.0669058052963905;0.2666852285569222;0.0073945582489113;-10.15944775040638;1.110013138977361;-5.601612702511991
POOL;6.87996334612098;0.4561998934046956;0.8992923002322656;2.3951563665965674;-0.0180469170870267;1.2405005780083185;1.0293552872624538;10.288855739999754
PPG;4.107645333732954;0.5006845860056208;0.1391186440677966;-0.0955373978629792;-0.0730183522061694;1.464306275187104;-0.0140728476821192;3.945065819228555
PPL;4.321819292110874;-0.0797769934221081;-0.2234456828252987;-2.3120567375886525;0.1133354737026443;-8.635997988939165;-1.4183098591549297;-10.190715173453995
PRU;1.6918450086482342;0.88675114927152;0.1883931712710884;-0.017677731145873;-0.0932084309133489;0.2550401843267411;-0.2702119747117887;0.5446509296980003
PSA;6.099671364327155;0.5399305170296832;0.2800405317088672;0.3543475080379721;0.0050745047893878;0.8192816521625433;0.5005382834730803;5.337609793398579
PSX;4.078900848790141;0.3057503117638908;0.0891220665533345;-0.7424598511555033;-0.1457259896328797;1.91752016677241;1.2890969162995596;4.109955654491072
PWR;10.770052039218918;0.1638212355219553;0.3711765875333994;0.5428252131894926;-0.103225641157029;3.0612701440835384;0.5307845162097885;13.999751966129493
PXD;13.88379429386845;0.0977333820064381;2.3755194559879107;1.5426170468187277;0.4287293647058823;3.361969439728353;-11.50909090909091;21.143910834634976
PYPL;6.016294743495437;0.6759057676685621;0.9376050099282114;1.3225626740947076;-0.0241064006650041;0.53108023652709;1.9141630901287556;4.246490044901687
QCOM;7.372458329713722;1.0339754816112083;0.5080420522958038;2.6985685071574643;-0.2342586323628977;0.727905751279735;1.1603797152135895;4.497621371875941
QRVO;8.366318455884603;0.5163290584840963;0.3240590336789803;-45.30553206909047;-0.1099680541497975;0.5802181515580844;3.974580354991567;2.907331013631815
RCL;-2.4268253256761088;-0.2610490191046362;-0.8254545392405539;-4.236965220692706;0.1868258339274149;-2.847908102191861;-2.777817356784111;-1.995831446410106
RE;3.790031272249808;0.7810611688121808;0.9146452001373;1.940676122891114;-0.0430560436520284;0.0718928229035244;2.2969511298339285;1.2695098993049052
REG;10.163100605639563;0.2848527337499791;0.184730465313321;1.0525735899634818;-0.0103975899640627;1.5239353429445173;0.3995406943919719;3.803935337352556
REGN;4.5888879958859095;0.6232287304655658;1.7369003275929218;5.737777125116081;0.0118678177133291;0.2043007264839662;5.311733556568189;5.9496025063480085
RF;2.605029337875654;0.5858293541696812;0.1245149911816578;0.9960411718131432;-0.199831365935919;0.1981722377737526;0.4497607655502392;1.762780843734563
RHI;3.986436003717481;1.2691351452686073;0.2268279591227216;1.06007901329736;-0.0920081835169791;0.0839818208890733;0.3742668070386524;3.28152851140065
RJF;5.229679608587321;1.2328704232898733;0.5423164054898777;1.2051600430658482;-0.0428662827895073;0.2096962533472628;4.870376775853942;1.7985457658270148
RL;9.237106483632523;0.4538707449115648;-0.3385040885040885;0.2195367573011077;-0.1112454655380894;1.3089937351785652;-0.5913511895855155;2.47691638834814
RMD;14.236501402038224;0.6724107285058355;0.5467981654172737;0.3862903320050017;0.0279640633842671;0.3761745856210672;0.8094968430455051;12.421474988520911
ROK;6.467296537118396;0.7442554334761521;0.108709774531396;0.6447862419765048;-0.0965732087227414;0.9528812722056504;0.2783817101871568;5.4538209260349975
ROL;16.825241240326523;1.03649226027877;0.448245086343317;0.9577890176637414;0.0032540017493317;0.2648876667325106;0.7780198395747306;13.39953216131078
ROP;7.219588160595275;0.3772762450734503;0.2540068076391582;0.1860806855929168;0.0238039307806749;1.224866182253706;0.6590549693347609;5.667629303881807
ROST;5.705129975126304;0.8511353598112649;-0.0260510088128655;-0.9236060533939842;-0.1013250910426293;0.7109472084464818;0.4595894750949863;4.318996455285874
RSG;7.293780227345161;0.3227387951027453;0.1248319474182144;0.0106382978723404;-0.0548798576090181;2.2662477648356423;0.5962645238353784;6.884107683617708
RTX;9.076189275425078;0.1847256609267347;0.0760566204856526;-0.1511423550087873;0.8867088607594936;2.572963204658401;0.4670991658943466;7.154430008132122
SBAC;52.91333207579525;0.4591022541059016;0.3363829055713057;1.2924730352904856;-0.0763640914400133;3.411070535232253;0.5730728330448925;6.983540415539959
SBNY;3.0754364399269605;0.3158176593186351;0.5714302539126448;1.3719515817039376;-0.0251847188015036;0.970280149233665;0.8111303455792781;2.5224438110603207
SCHW;7.98396985138095;0.359727602149194;1.1489904850313295;1.4872557349192863;0.0672143390589992;21.055055750460244;0.3928157589803013;5.191285965056098
SEDG;17.19130037695465;0.3028529500412576;2.2351226021135173;1.0098132395570971;0.189068844681009;1.7242285071010792;-0.4372283857984265;18.76507419546934
SEE;2.8232133923795324;0.4658545680546923;0.2403173749327595;-0.3780832003926862;-0.169609416800428;2.1203372645285232;1.0640066500415628;3.4360973285660923
SHW;6.816629126374216;0.7409775634124284;0.3310786297830695;0.0519889271450835;-0.0582145871086819;1.2117696835566631;0.1272567257062812;5.491674400295087
SIVB;2.217456513609933;0.2887871800081267;2.0486548203473105;2.7369573460875096;0.0976402986932484;0.520257870615139;2.423939230747428;2.200658008365634
SJM;3.9470544546585065;0.3674407539292731;0.0825724064228995;0.4794867465811244;-0.0311493333234264;1.105265356419307;0.4519963074082622;3.3808694885022663
SLB;-4.105597749186924;0.5226077812828601;-0.2467477003942181;-2.2498338870431893;0.0100864553314121;1.0297916531446745;0.0582317073170731;4.834143491140391
SNA;4.795359856143231;0.5080459770114942;-0.0145239107066969;0.1242603550295858;-0.0540069686411149;0.5686642386785858;0.7910731244064577;4.51275063385204
SNPS;16.81772478778874;0.6220340914995868;0.5428910630926866;4.54700760821013;0.0148946210545205;0.2802123488395594;1.4899369174579464;11.43567216680702
SO;5.12681649128037;-0.0644509064473624;0.0035604185662802;1.7363636363636363;0.0529939814595647;-14.812654212195982;0.041828793774319;-12.124008403242865
SPG;3.85498090490884;0.4620622501889933;-0.076165087458293;0.1548639039159901;0.0548990905793263;1.9626468916961328;0.0865849107240202;2.7692340521935965
SPGI;6.847992597036372;1.3243797616722015;0.3684644565396668;1.0213903743315509;-0.0596956691377292;0.4185411903532708;0.8821975699947174;5.623747884652261
SRE;5.646750465052535;-0.0871811616472034;0.1472294101900597;4.128404669260701;0.2393607505615297;-7.620841595064992;2.6203703703703702;-10.892916296981712
STE;10.793667715717753;0.3019728841478245;0.1893644106070371;2.613877142727232;-0.0031588922817731;1.2241908010777107;0.793013117821526;9.477798506720571
STT;2.274066887148628;0.4041156080652248;0.0707999217680422;0.2370234267340376;-0.0239999146195366;0.813953488372093;-2.194567979669632;1.666366983267895
STX;1.8111317224697645;1.1409684065934067;-0.0083557701234797;0.7020725388601037;-0.1824324324324324;0.7709556057185855;-0.2388663967611336;1.7127391638826186
STZ;4.948780567695476;0.2725229112892542;0.1750528541226215;0.3015438733632988;-0.0289431824454179;1.7538334634476866;1.4624651280750698;6.761829372063221
SWK;3.0254799353571515;0.2912150137518201;0.1209260715993398;0.0052961786034384;0.0303884942090102;1.7648;0.7148125384142594;2.704173966222222
SWKS;2.854096787235296;0.6297502010323986;0.3992167387851235;0.4831716491783805;-0.1036353771025501;0.5427041499330656;-0.0311445626784323;2.995052900834106
SYF;1.3613446455462423;1.4854768837440522;-0.0381599581808677;1.181395348837209;-0.2596782302664656;0.3467753501936224;-0.2037909376401974;0.4581204264473873
SYK;7.765645125963508;0.3680728176634011;0.374799099967856;0.9549019607843138;0.0040106951871657;1.5100804449299832;1.8491155046826224;7.904468854503923
SYY;8.45479501381931;0.5242674066971392;-0.0735635219640325;-0.5411749465865735;-0.0603507086599013;1.7887055717195997;-0.0381739636400731;6.014168756043094
T;1.681716883186479;0.321684370692867;0.0518106959999003;-0.3181324278438031;0.1610966904607397;2.2854794032365184;0.3742974492001729;1.057362498242431
TAP;3.935275325721961;0.3076716686789704;-0.0657196350019995;-0.2888558902559751;0.0064995357474466;1.6090538183630247;-0.1703639377911107;1.7337248386694906
TDG;8.376973227694737;0.2628263385550619;0.369180483556422;0.1392441115319985;0.0516837745362866;4.572958164838662;0.1257872150699437;7.121826283189364
TDY;13.868766576868088;0.3819969554041576;0.4355086283082934;1.105290728129911;0.0524296510568469;0.7155549748481087;1.38666085440279;12.040376235709152
TECH;17.82418442727248;0.449468517733815;0.6536892343380053;0.8454117708908341;0.0384316458070913;0.6025595199531749;1.4001356524179651;13.30003678988792
TEL;4.693565096646942;0.5499398315282792;0.2247025030775543;0.3434343434343434;-0.0704225352112676;0.7364454169705811;0.2266831377393453;4.628519336737175
TER;4.640862599578247;1.0833334242908137;0.7330668359070414;2.9372157459292487;-0.161302374425074;0.1478881186143656;0.8534963156278784;4.637890347268354
TFC;2.946922984881428;0.2274692015068353;0.9668640098966156;1.6900584795321638;0.6854996828145548;1.4613037109375;0.6073354908306364;2.371472
TFX;5.796993694879107;0.3439867586874264;0.309024401494104;2.1821543302956794;0.032974846680295;1.23829721714633;0.6614066054982779;4.817786197322232
TGT;4.7112583585068375;0.7682831906325087;0.3314311735993511;0.5976591075347476;-0.1333102493074792;0.7348691745220686;1.025199280020571;3.3689793054356443
TJX;7.4961432722348125;0.6723702680572982;-0.0315450239731839;-0.9606349919111804;-0.0680313914190299;0.9882499826081088;0.5497245597554195;5.919595440773256
TMO;8.505182097478114;0.3287275699763998;0.8745099913949709;2.4719101123595504;0.0025316455696202;1.6327758392491878;0.9413783242779524;7.831808277222957
TMUS;10.94794511378092;-0.0965547960459817;0.9731553541523004;-0.3333333333333333;0.3754958533254826;-6.740123018689378;1.5056397035127296;-10.994565178140526
TPR;4.923451836824697;0.4819500246441534;0.2802842947218323;0.4115059221658206;-0.0096222380612972;1.1458100904921285;1.1161731207289294;2.767801423081691
TRMB;10.342975774475256;0.3728283260134478;0.1893822029095031;2.293074324324324;-0.0063466878222927;1.0252801667969769;0.6708310700706138;7.03764429293719
TROW;2.157846505649045;0.7533353473731399;0.6006467765491341;1.0582854853785553;-0.0514096185737976;0.2917518304830405;73.03225806451613;3.0488772740679413
TRV;3.3211213781710915;0.7502004035713299;0.2046225174728392;0.7811284046692607;-0.0815217391304347;0.2792557111274871;0.9335459861775652;1.6593369892409728
TSCO;7.204068319308006;0.5069220971307387;0.7544700651095821;1.3594802637961756;-0.0879236291814277;1.2325061351154454;0.3391689782678868;7.83137097803084
TSLA;86.47148471825588;0.0699026774969915;3.577271854808389;-3.813806464770062;0.1896861689933517;4.09249006017334;-1.8408964927156104;74.72490930674775
TSN;2.035092158907304;0.362216013528417;0.2297177208572922;0.7175873731679819;-0.0081967213114754;1.2310971277783416;0.7196078431372549;2.479991023241652
TT;5.611308192958844;0.5995303728228012;-0.0043105877049642;0.0927376017196376;-0.0427721863754734;1.0555830669727937;0.0484564583013362;5.9435794174582455
TTWO;7.980462183469832;0.8143040987659367;0.8950840231313647;7.749773412775062;0.2708139277001552;0.1609005054860327;1.7183316036124308;4.361745753980067
TXN;5.433979448250914;1.3194761616255768;0.2261212485796404;1.1099945681694732;-0.0706357214934409;0.3099039276631817;0.3483290488431876;5.305576924554959
TXT;5.692996511119487;0.2343841785784217;-0.1793914635864206;0.006514657980456;-0.1342256214149139;2.6432748538011697;-0.1490566037735849;6.3089054903926485
TYL;14.490459231747996;0.3315876498166588;0.8940870409272692;-0.0151697215529598;0.0741018968153891;1.2824771045420462;1.0703676538003115;9.584941512899691
UAL;-7.823499900226757;-0.0473026241693884;-0.3472016111935552;-1.9216330361332707;0.0866702445850386;-21.35333333333333;-0.9316239316239316;-6.571739916190476
UDR;16.255141484763936;0.2434549002767639;0.2962228017726611;0.23411046578588;0.1030656420396668;3.0358331357884394;0.2657243546519764;5.376738884254375
UHS;2.103453131593112;0.323583213461417;0.2144362102678565;0.3180726382853717;-0.1107242922259858;1.4130325190727362;-0.9510843583704092;2.5889710977342646
ULTA;9.03654833588988;0.6923312844072016;0.2672062358887824;-0.5708829558766108;-0.0986580079655784;0.6475124788466635;1.5235458231457282;8.392592116223335
UNH;7.338476882743843;0.6664407831354812;0.425395730902986;0.6371471869672286;-0.023735810113519;0.703627476202727;0.7185690832109219;6.209660244379923
UNP;3.668621394528417;0.5718854739424741;0.0265536723163841;-0.3910567587752054;-0.1516783567134268;1.6708802574120891;0.5270541082164328;4.843856234122424
UPS;5.075355418904631;0.522627333718622;0.4769097643915472;1.625254582484725;-0.0045924225028702;1.8061926054137216;-3.885005336179296;6.923800887350353
URI;3.979357501697217;0.2162555306382205;0.463032675801837;0.0297176820208023;-0.1406619385342789;3.278587443946188;0.4398826979472141;6.571293273542601
USB;1.9157866801809955;0.3656969260079296;0.0397675269998169;0.2806368607269218;-0.1001788908765653;0.9046492636084592;0.5250309023485785;1.7884128424431869
VFC;3.746106693612124;0.4009490247174729;-0.2177892177892177;-0.3367153285858554;-0.0239665550331519;2.0319203031437665;-0.1620293081061027;2.6564561329251326
VICI;6.540630321767764;0.1775777288317644;6.494032844178796;22.76473208007126;0.5452722018230036;1.6620801537790295;5.731280114096288;6.479938997138606
VLO;5.579449865988125;0.3927365348291454;0.2127793147478187;-0.7712177121771218;-0.0791855203619909;1.546309116082489;0.0489885449670972;3.834829930481673
VMC;7.543061563475151;0.2179937241889235;0.4271921725236332;0.1157963023029516;0.0004905179114501;2.624758334112345;2.028436838238472;9.339763007353593
VNO;1.1968738652717477;0.1679057705208519;-0.237469327670208;-0.2260922714320892;0.0085476399016493;3.674101813719445;-0.1143253090768733;1.7034067342791708
VRSK;8.999506757880617;0.5752189074002325;0.3978183852321462;0.2003242658980364;-0.0154850487464223;0.8412544455221468;0.5844642857142858;7.230447556848798
VRTX;9.139644273959872;0.7845106533382876;2.0435753974440782;7.888964794826252;0.0441336022952848;0.137528795272013;3.113430602830641;9.070559279531638
VTR;5.866325204401755;0.1864903611646824;0.0728373384826442;-0.9638709296925108;0.0507759071950828;2.8298171615350043;-0.4130378204855438;3.648035635519067
VTRS;-13.426899668078288;0.1620916523511843;0.5020784870294012;-2.823419540229885;0.1247895229186155;3.586294341835239;1.1897997603970565;1.7195957549105834
VZ;1.4922164343642612;0.129219162869069;0.06013456686291;-0.2669678748214345;0.0156709108716944;7.00103725217082;-4.791705685618729;4.6328006894467
WAB;9.618649809995658;0.1917333006924529;1.0150674076371622;1.127651461711806;0.9894607817459902;1.935276051351027;8.492173737983794;6.505177082683529
WAT;7.692078140484823;1.4839446079140055;0.2064876110724713;33.11171286495003;-0.2218114370934794;0.9768794263750976;-0.0463776852167525;6.669347365208786
WBA;1.991446444969531;0.4365288822861138;0.1209247635643832;-0.3766552231486023;-0.1944108057755007;1.4177210121716848;-0.2922033898305085;1.28228866623959
WDC;12.422855847019123;0.4026020775480818;-0.1137065940397004;1.0680100755667503;0.0590277777777777;1.346404393920041;-0.7369709688702344;1.4106423359305147
WEC;4.88346885399197;0.0940142453769932;0.0872720141204157;0.0801726284338949;-0.0006337135614702;9.60852419836686;-2.832639467110741;11.482814177255529
WELL;6.846203606474292;0.187441898268588;0.0954561472678615;-0.3570108689414546;0.1572254429700711;2.3190993182419124;0.0608767118196538;4.203065009965838
WFC;2.094579696900218;0.1429905746160207;-0.090190441969098;-0.0286255240499481;-0.1818273375498529;3.140688939693762;-1.6155859416728982;3.580394881020537
WHR;1.9214418600237249;0.4217674755523361;0.0344421963958029;4.094285714285714;-0.1527967257844474;1.4516960068699012;1.846551724137931;1.7387027565478743
WM;7.357846084914183;0.477716623642297;0.237901277183293;-0.0682401231400718;-0.036007292616226;1.8239192495921697;0.4566128067025733;6.643666897226754
WMB;8.890075811518324;0.1778883039233842;0.3232474162619848;-0.3022079116835326;0.4692869249394673;4.2443486020226056;22.25862068965517;6.060694158239143
WMT;6.6768070309736025;0.6431086969498;0.1508171888538774;-0.0097485890200102;-0.0870686875201547;0.7458284347090732;0.2342786093443642;4.0326906397706415
WRB;9.18802339747126;0.4394847283256287;-1.0;-0.4637894422448615;-0.001818283764408;0.7522660478513085;2.557595889536329;4.5584922696940495
WRK;2.512858312641395;0.3038105823245708;0.2615396003957011;0.1837051680316294;0.0412573673870334;2.304287369640788;0.3052856760852125;1.507714987584837
WST;9.936440987992285;0.4457097756229564;0.7707460446501156;3.391506303915063;0.0;0.3240576777131292;1.4950943396226417;13.467275149675352
WY;4.683271083212885;0.3691629955947136;0.4175931072818232;3.479381443298969;-0.008171720323735;1.0110808046368909;2.285166240409207;3.866532876917832
WYNN;-4.993331401786193;-0.1277157608692208;-0.4031962613028608;-2.0115166204708097;0.0457916548285017;-8.56043034741603;-1.5533480246503624;-5.804022400403672
XEL;5.154022926871989;-0.1627342123525329;0.1777446509996492;0.3911149825783972;0.0353634577603143;-5.664483703929333;9.647668393782384;-5.37773546634176
XOM;8.62348115826275;0.3129009297765761;0.1666793162479655;0.1689497716894977;0.0042964553571428;1.5250364817305215;1.4586061102018548;6.84593220796017
XRAY;-3.027998718432733;0.3185053866084822;0.0645064356187709;-1.2716129032258066;-0.044463818657367;1.2806131186847065;0.1421601241960523;2.541180119883541
XYL;9.853538642201835;0.4645252382633251;0.1036753770979392;0.2900302114803625;0.0027839643652561;1.3901975683890575;-0.3604651162790697;7.34522903343465
YUM;5.364047127272728;1.821681864235056;0.120108880571623;0.1753731343283582;-0.1296829971181556;2.395995550611791;1.0730337078651686;6.61804479644049
ZBH;7.742940037470395;0.3347267826016458;0.0015465037512301;-0.7785863932076303;0.025260029717682;1.108418232186379;-0.0694804739535862;3.3158241983681256
ZBRA;5.304120754197159;0.8907725841608137;0.5118216012896293;48.23529411764706;0.0079139959157524;0.3890701468189233;1.3598130841121496;3.3500469037520397
ZION;1.966060347474748;0.3961061946902655;0.1203526255270218;0.9070945945945946;-0.1844792206239789;0.30145963658028;-0.4426877470355731;2.3192132785224904
ZTS;8.471902478231748;0.648356516346239;0.4652345958168457;1.3576388888888888;-0.0294253324025653;1.0329324952172725;0.5472370766488414;8.642081443017219
