;pilar_1;pilar_2;pilar_3;pilar_4;pilar_5;pilar_6;pilar_7;pilar_8
A;10.071314432;0.5649174673564917;0.4130143112701252;0.7690058479532164;-0.055900621118012424;0.7867422590492804;0.8176718092566619;8.784399853467074
AAL;-1.5645968728885855;-0.26008703040914594;-0.2920131731703272;-2.038561750911933;0.3165625434414634;-5.425304425304425;-1.2379788101059495;-0.9078410327690327
AAP;5.79246681981132;0.32170495058646176;0.07814741624086921;0.03683662632359281;-0.06903556049075102;1.663704544289046;0.7075468255454972;5.121424588909072
AAPL;6.9833768173359685;1.8110846658040882;0.5958234816824729;0.9581808028789477;-0.1997078149719718;0.47754440844598367;0.8296754128693188;6.471969879143171
ABBV;7.331589348555771;0.800825010855406;0.9916713921179473;1.1740440760971935;0.11067347362319002;1.299937645719243;1.331672145053547;3.4819384646749443
ABC;33.18690401894063;1.1298668814797337;0.3973063661084189;3.224964607499918;-0.05703949627933601;1.874608192077909;1.1473267414509016;4.079415497651009
ABMD;19.95914886903113;0.678125105758926;0.903243626825719;3.327365876122496;0.043989083676395764;0.03960913222563065;2.4187261402451274;18.855700915839883
ABT;9.448110891369213;0.5126476467381428;0.5726542533771449;13.823899371069182;0.015845243105124324;0.924001276097976;0.9499436302142051;6.0611786505972844
ACN;7.068357715001484;1.3516329694758646;0.3968436050013322;0.7145293280493819;0.02361026069406878;0.2310040583502729;0.8835068384966077;5.161936119317429
ADBE;7.670848135249269;1.1666558808423215;1.1618830638341;1.8465944175579738;-0.033693115519253206;0.24266127928103232;1.5165180780120604;5.8483998656382035
ADI;11.805262469273702;0.20769600477233144;0.39492798236642057;0.7264194869744555;0.14750368824179855;1.2418723030287728;1.632260642337759;7.973275181123122
ADM;5.643940072099299;-0.2556974931030347;0.40147629381206024;0.6984326018808777;-0.0017953321364452424;-1.3393925178843673;3.6695352839931155;-6.132415241937375
ADP;9.180757269604182;1.1991731140127246;0.2120874327533563;0.4990769585785162;-0.04801250558284949;0.462865224102711;0.5631003443484565;9.090211566269515
ADSK;216.74303568688438;0.9957981824696264;0.8662727720334811;-3.0755883868751073;-0.014818140996856757;1.0007850320554756;13.314834578441836;13.675824801779406
AEE;5.198858425627018;-0.16914807388763278;0.03513032216286223;0.892925430210325;0.018136850783182192;-5.82093316519546;19.46153846153846;-5.2801520504413615
AEP;4.406291302258346;-0.15072018281369282;0.08862942385363924;0.3008992993830388;0.007937079532020693;-5.877029384140615;0.25855190005886586;-5.146338952547072
AES;-981.8629688888889;0.053124731367660966;0.05802469135802469;-0.6477174849267873;-0.004329004545454545;19.145631067961165;-1.685897435897436;14.298975275080906
AFL;2.1299543200040136;0.6941687495450023;0.014953703703703703;-0.060599478714161596;-0.09890889624540113;0.2781234706005733;-0.17575065274151436;1.484028509823114
AIG;62.739733150997154;-0.02154933131466061;0.03915481674344082;-2.5430637738330044;-0.06582245459972853;-14.127868852459017;-1.7313919627256844;-20.62917689555035
AIZ;2.1922005661140314;0.5408595720340085;0.6142352363296414;1.6412625096227869;0.09325928433470419;0.5293962119027017;0.26905829596412556;1.5636896452264206
AJG;11.377871381266113;0.3679007457269188;0.32971296837456976;0.9581083999136256;0.06064728944767151;1.4439800530960751;1.173103448275862;7.124946005596613
AKAM;6.0670470453952365;0.38266311415517573;0.3828320141142854;1.9847884536989113;-0.05184221784833333;0.9967600113033553;1.2250695873952953;4.72798671042296
ALB;18.74181203721795;-0.11540328069113348;0.08332779943593309;1.2547310847766637;-0.04068016661557603;-3.428058837914761;43.404692509472454;-34.73725511449667
ALGN;3.9013809261810812;0.7654482641992607;1.682604266420888;2.336041275959519;-0.016544921021414746;0.13863376698796245;3.828383653703612;4.955893361500194
ALK;4.0816166197991395;0.2691771269177127;-0.22147989411319804;-0.5377176015473888;0.003163984896616577;2.9010833725859633;0.30851063829787234;2.6800629147432877
ALL;1.9985465993242857;0.7177597196628704;0.30874260201432874;-0.49858889934148637;-0.13922651933701657;0.3707491582491583;0.237359900373599;1.4688812821548822
ALLE;4.749413256435799;0.9143116352914493;0.19068183705672287;0.7672886937431395;-0.029442691903259727;0.8371700734272673;0.4877475662974152;4.494223012502481
AMAT;4.203000962386787;0.9661666666666666;0.5691250510273507;0.673202614379085;-0.15191053122087605;0.41596227933988844;0.46262254901960786;4.536273248461848
AMCR;5.039562111236687;0.31375062544064664;0.41451971202989124;0.5743984053869533;0.3403041825095057;2.2094777498882965;0.5334287512990006;4.576903084436555
AMD;15.943236055264412;0.5024515812699191;2.1284980011422046;-96.81818181818181;0.24369747899159663;0.16638204440107343;-72.55555555555556;24.492451192973896
AME;7.4226629616809365;0.5146384870340481;0.28983598322857;0.45281963989610696;-0.0034487401673985465;0.7110466154853837;0.3846040214459532;6.375503682547374
AMGN;4.587461508096392;1.1965557749506361;0.136986301369863;1.977766548762001;-0.19835841313269495;0.8831909427025673;-0.20279653762008942;3.0062424003509287
AMP;3.4204917906810035;1.2731366602334344;0.11817805383022774;0.8648648648648649;-0.2805904607397794;1.8207608460261315;1.082521117608837;2.411109675593734
AMT;11.012872355765884;0.2293993601645104;0.4041177088491724;1.0725643716199855;0.03610389064437703;3.6935188026806935;0.6226201696512724;6.776414588796186
AMZN;11.69117530660419;0.22237668865849827;1.6414379364240497;10.00032970656116;0.05416666666666667;2.4730335888107935;-3.27288161753357;16.390893165966165
ANET;13.04927544600942;0.9203601274507593;0.7908286183942762;0.9868903901455809;0.05156522461180769;0.17394722882677172;0.5431541921122482;10.845533055628108
ANSS;9.2273797788881;0.44353483956014994;0.7408947728829034;0.7536171509463802;0.010024944698075022;0.44812616381442444;0.28003423383557546;7.860702831645961
AON;8.130810387858347;0.7161730420516363;0.21954390878175636;0.02365415986949429;-0.10290135396518375;1.4089703400048228;2.711433756805808;6.975988271039306
AOS;4.275711288413033;1.0038026521060843;0.1809323589281543;0.6428330522765598;-0.05763247471952772;0.2542010684798446;1.43755383290267;4.034203166585721
APA;-2.7485747024054983;0.2519726459758022;0.3563784610157975;-0.12960122699386503;-0.007874015748031496;5.840814196242171;-8.177710843373495;8.349010839248434
APD;5.977141179226865;0.1844830368670205;0.2608090282866774;-0.3003932808958806;0.01651376146788991;2.42317692513304;0.6616811813706929;14.878583393677253
APH;6.861497234985405;0.48373008770359766;0.5512101892658994;2.686395080707148;-0.025188092901537455;1.0826611411233626;0.26743679163034;8.393312655960926
APTV;4.555836671029969;0.29624188060624806;0.21220117975783917;-0.5645756457564576;-0.009064835492612517;1.3675280605586009;-0.20909090909090908;6.904512584703733
ARE;10.622303462278417;0.1272910719553787;0.8800616445726187;2.3783006984322235;0.37751512900618267;2.627879022402806;1.243262088491645;6.655205788457112
ATO;5.339560301911842;-0.3418947110400085;0.2347163767535651;0.6789297237028311;0.22317624882186615;-1.548734530461114;10.31037892732936;-2.8043972181299517
ATVI;6.6346269416617565;0.46871316074880937;0.2545247256662391;8.886446886446887;0.022546419098143235;0.5076458752515091;0.13411078717201166;5.663461730382294
AVB;5.233945185305511;0.30049520293497173;0.06310582462564185;0.1452559580623568;0.0182382078523636;1.5678786816140566;-0.10300972622935428;4.089268230176845
AVGO;7.1461154219407685;0.7402926497628208;0.5564753912451803;2.9810874704491725;0.012345679012345678;0.9246310868067876;1.429952572053995;3.9333391035879024
AVY;8.817130134891528;0.45736735430491154;0.05408388520971302;0.9726756564939674;-0.055224200653412034;1.6226552540520853;0.25636792452830187;8.610524645176957
AWK;7.048389604015616;-0.09025054466230936;0.17068811438784628;1.9647887323943662;0.016853932584269662;-10.03983101991551;6.081967213114754;-15.253787036813518
AXP;3.9165390952881096;0.7812504952848879;0.28908607451226437;1.945906432748538;-0.10645526613816535;0.8356358915058933;0.04944702676711012;2.1938117168766356
AZO;5.749054568473034;1.456309182157047;0.3435595842873826;0.6944074686794668;-0.2178332747098136;0.9548969319813855;1.8489702787230275;4.995608704954584
BA;49.004746063720454;-0.08066813711975002;-0.33306921363714237;-1.5126265706965962;-0.05656073590106068;-20.33779549985759;-1.3831270698971587;-27.161274804898888
BAC;2.386342363467307;0.24828552312452956;0.020159813169704187;0.7539491004826678;-0.16696793905947696;1.9657333333333333;-1.6914351629337692;2.0711944551298247
BALL;5.594158594329716;0.2512244553284918;0.25748884639898023;1.3475935828877006;-0.06854446154241454;3.386890756302521;-0.9631236442516269;5.37227264
BAX;4.502070703910615;0.24293682330210345;0.2104914307357258;0.7907949790794979;-0.06261510128913444;3.025810324129652;0.22942643391521197;3.8697270396158463
BBWI;2.237547170088875;0.5612917898567205;-0.05781771910291077;-0.2711571675302245;-0.01452097902097902;1.9055915721231766;1.0122222222222221;1.4791564862236628
BBY;2.1837482326838287;1.2871298671018885;0.19945181838946274;0.46416938110749184;-0.1849293563579278;0.3585725930622226;1.1467142129393786;1.3906289125984965
BDX;11.226820586096256;0.29813258410637733;0.6743570660712809;0.9018181818181819;0.3212936700419744;1.914290356649606;0.8738343390016456;5.116781500365586
BEN;1.8621065949832192;0.26987432601008277;0.3180907981602578;0.07927152708198268;-0.12329992841803865;2.029816250907285;0.09957567185289957;2.2361000022920883
BIIB;2.2305330185175127;1.148611230822272;-0.1052803102518352;-0.387145051396164;-0.2431796801505174;0.40425102828547177;0.29240398732709993;1.9264355210370558
BIO;1.0936787245233794;0.10913314197966813;0.3529342597491937;33.73158880645241;0.0038104872702748272;2.2611577825933513;-48.653264543675505;7.43015059287625
BK;1.7024646440291478;0.18063107419617244;0.04891304347826087;-0.08092909535452322;-0.13868764871442094;2.1079244686734615;-0.5287456445993032;2.7134249240736352
BKNG;5.9886313460223946;0.9213538241191636;-0.13587815298410655;-0.5022994619280449;-0.16369351349144792;0.6974778561506796;-0.42481318430599574;4.6277971657041865
BKR;-2.9747747526530612;0.10020023005154859;0.18987195086621472;-7.083333333333333;0.5807962529274004;4.011054421768708;-2.252049180327869;12.394894802721089
BLK;4.024043090139928;0.4454786208315121;0.5510367464574494;0.18732394366197183;-0.053399245379543776;6.133383354496133;0.2531990198747618;5.7097469310862285
BMY;22.7425492029871;0.5582616467433806;1.232624181748171;5.965243296921549;0.37264437689969604;1.1437973895448381;2.609952606635071;3.7244318786827653
BR;9.17361347338437;0.4085234753912565;0.20545068314585044;0.6753365973072215;-0.019491525423728815;2.0491208029048185;0.7277386290839206;8.408989740116683
BRK-B;2.4139715361599428;0.2106590675024476;0.46460887844484733;0.9981085892300846;-0.0817425358066768;1.525172582896375;-0.23256428319830927;4.784305999622769
BRO;7.22627291937596;0.4806947490915683;0.6408610487435861;0.46911893501488877;0.006434808129723384;0.9463873422584983;1.1480625109207412;5.156199637418537
BSX;8.009235973096583;0.18885437042150885;0.3138815207780725;9.009615384615385;0.03401211590394862;2.301584077985378;0.18879855465221318;12.091929371242893
BWA;2.817035169964485;0.2620672097759674;0.514189789066566;0.22073198454194135;0.1356022005703422;1.7858299332944758;0.0285345800419152;2.8766926079917106
BXP;3.813560349043174;0.20661744692258258;0.11012168745263397;0.09244462512893592;0.012925611258836501;3.07897832966626;-0.9762608202149993;2.5422970168908754
C;1.4069807300893993;0.07447130937138545;-0.011155740185424633;-4.229185054427773;-0.24661849175467854;7.042469545957918;-5.781553398058253;2.479238718936877
CAG;4.0468113128092105;0.27170217779124173;0.4290076530938175;1.0315970592835915;0.12479740680713128;2.11802114304592;0.030319262909792158;3.563603726461843
CAH;-117.05209384269664;1.1443337484433376;0.24997691881578138;-0.5256211180124224;-0.07886435331230283;1.6361954510828165;1.5457967377666249;2.2674145939710524
CAT;5.274462617855078;0.37177055519749563;0.1211781267872069;7.606100795755968;-0.08060155457924975;1.8044479667145474;0.40404040404040403;5.873257422953094
CB;3.700102229413939;0.4910123612978045;0.27044629842136275;1.2116032116032116;-0.03513484216560813;0.4175635416946241;1.4759049522540528;2.4180409883249685
CBOE;6.18449972821888;0.6735541294975463;0.5678076353685344;0.31690316156335574;0.017723880597014924;0.6018523980886084;0.6200653012763432;4.013850142174503
CBRE;3.9740614595587544;0.44881614098904543;0.9526250125971103;1.6560083531097836;-0.006791116705515687;0.7059975287239004;3.0459656351708944;3.674462079980856
CCI;13.617764308609223;0.14594706099186208;0.45559572091592326;1.4654144640647846;0.13166029234557552;5.586819023860939;0.8355256305790237;10.920292838221023
CCL;-1.0637346291746292;-0.28689681724845995;-0.8910336950314106;-4.645817344589409;0.5532503457814661;-2.2956087377916945;-4.2447434819175776;-0.8714962976217103
CDNS;18.344833814118896;0.8197071022474318;0.3807755096158993;1.893880970695881;0.0059941858969411645;0.2729892024214529;0.9622879621353603;16.134762582547186
CDW;6.3363808799152155;0.5353621392803676;0.37055590297205676;0.8902485659655832;-0.08236808236808237;1.7833518152451666;-0.017226528854435832;5.621052022564004
CE;1.4699139985244207;0.5846013041986042;0.39039087947882734;1.2419928825622777;-0.1457577955039884;0.9653620352250489;1.4067164179104477;1.9494338880626223
CF;8.84131516631579;0.6772969647251845;0.5830508474576271;1.5614525139664805;-0.11218421841541756;0.7429220287660863;1.028497409326425;3.179125438304315
CFG;2.0022415887587823;0.2037797863599014;0.1647100052567023;0.40375302663438256;-0.15425353450901774;1.1180645161290323;0.49064449064449067;2.7579263174193547
CHD;5.040521661536724;0.6723313952485291;0.3744240241512632;0.1131288673661555;-0.02274541101356744;0.689804716569581;0.37470542026708564;4.580563873848444
CHRW;3.598849995737855;0.5388672970576445;0.5536719083109047;0.6721265693919306;-0.057805277007325226;0.7337931636999017;-0.9262918026351301;4.868735874194606
CHTR;3.0258015431806085;0.2377939010419508;0.24292345061446333;-0.5296614451743304;-0.20802463096910587;4.277624837500956;1.1263467189030363;2.3912323964211977
CI;4.485647811100374;0.37852722772277225;3.1876201460976548;1.398301296379079;0.3852775170412392;1.2905345757724376;0.6699861687413554;3.4906949011607
CINF;2.146610612201308;0.4869304385087845;0.6800418702023726;1.8191387559808612;-0.019525358251192563;0.3794367849809328;0.8976833976833977;2.3585010407744207
CL;5.29420901064195;1.588596092685143;0.12728096285751261;0.07015810276679842;-0.04173281923338625;0.7162877162877163;0.10275889644142343;4.410705233233233
CLX;4.328974489356374;1.1814795103778606;0.2290306378704169;0.012838801711840228;-0.026234364458368555;0.8301801801801801;0.4835164835164835;3.8931520576576575
CMA;1.8499140224159403;0.465444683437763;-0.036045681655960025;0.5720053835800808;-0.22672824086995624;0.5617842073538276;-0.45454545454545453;1.7908149005424954
CMCSA;1.9612899895867952;0.34394821669959447;0.3687683025791201;-0.3772157466461403;-0.012166631383381678;2.2532990703650517;0.6909756580249357;2.140979788194392
CME;4.76094818227683;0.36645549921541676;0.2867176996734985;-0.35118373775655853;0.05626396856279912;0.7947023382965736;0.29382996872334377;5.426708433615556
CMG;22.971822629247644;0.3613653740111192;0.685962105364743;2.704810698257618;-0.0201467129970868;1.656225934221911;2.354023521140264;18.703793301752214
CMI;3.6582120927038626;0.6863569321533923;0.17588603877031525;1.1331331331331331;-0.11044417767106843;0.776297410551198;-0.1301775147928994;3.6633218764370903
CMS;4.255903851622874;-0.020428422152560084;0.11332219352878627;1.891304347826087;0.0325;-18.59079283887468;-25.253333333333334;-42.25426790792839
CNC;7.459772657640232;0.22517366420551357;1.603902277706585;0.6268115942028986;0.689368115942029;2.4902987970508343;2.0880974695407684;4.489758398137369
CNP;4.893336593886463;-0.16188572772160828;-0.13126690243395048;-0.17075892857142858;0.4038295542087042;-5.804163640764948;627.4;-4.340156204308884
COF;1.3672098266485146;0.6710779805411685;0.15956109269630814;5.251261352169526;-0.12742668318876496;0.6097318195588511;-0.06487389851109085;0.5650176705376593
COO;3.212125344736463;0.23746604668293356;0.36629266012155215;6.896755162241888;0.010245901639344262;0.9364579294300116;0.1239279588336192;6.480609228383094
COP;9.712476048305415;0.3810376492194674;0.5745207173778603;-10.449122807017543;0.08448221922659245;1.3348596216411617;3.695092518101368;7.009819741816283
COST;11.670892087657593;0.7730317961079012;0.5185351676031776;0.8689809630459127;0.010610418372536989;0.5387472487160675;0.2713068181818182;9.890396032281732
CPB;3.8497386532965656;0.55908122188018;0.4521158129175947;0.12965050732807215;-0.006557377049180328;1.432867429055485;-0.2025183630640084;3.2521405099534095
CPRT;4.476645303301867;0.41845737991287957;0.8594933220808837;1.3755222245051708;0.033084666311011604;0.3613057315438619;0.6502907340252595;8.035998729341467
CPT;11.893477921301292;0.08995361065817249;0.2693862554612297;0.5472146704544297;0.11475535251751386;5.027900399281861;0.09724127756878366;17.779136110118678
CRL;8.193851002886444;0.3223654048360654;0.9057698612350015;2.1695675084106845;0.05922368947579031;1.9017262099246721;1.2752337128048103;6.22100578722871
CRM;24.51839014088771;0.3031811864193913;1.5324166490307893;21.66856684777768;0.320156964918428;0.48880923722423186;1.4089645750895043;9.505092913384521
CSCO;4.352022167481747;1.3273233461487473;0.03776689928132486;0.10219585804974503;-0.15728542914171656;0.42755835854117913;0.14327757125154894;2.679184926887735
CSGP;26.414197517069727;0.25900860755670246;1.0141676077204398;1.3844818452259668;0.18198493975903615;0.6816891286034161;0.9243734657761032;17.84470122827328
CSX;3.522471085383502;0.4437780121276035;0.0976507713884993;-0.3089014805337233;-0.15730337078651685;1.8415268082578344;1.3100558659217878;4.880346282489232
CTAS;10.146780480921416;0.6640208707361562;0.33680831787166843;1.311107782687203;-0.0008574368354864525;0.6148868067303166;1.4813380353466377;10.009924478876405
CTLT;6.751468015206436;0.014446952595936794;0.9263756384311458;4.327868852459017;0.344;33.474264705882355;-2.5842204132748905;70.18920470588235
CTRA;8.7269212420306;0.14417318172643476;0.9549727103041062;10.534668751805405;-0.1406277291987881;3.2396168460075994;6.028337899133247;10.983902731227536
CTSH;3.115460449197861;0.8480891953348493;0.24962862930452398;0.4208776595744681;-0.11467116357504216;0.20169520844144612;0.04380593499764484;2.418644956927867
CVS;4.7379203829986665;0.311193994449847;0.5809866587286553;0.19269102990033224;0.2833333333333333;1.7113050437301118;1.585810477910987;2.5042429356147937
CVX;9.549679353950033;0.3497831404071006;0.1554271797080357;0.6992930940728657;-0.0068019804188792;1.2149997496703993;1.9715933061454085;5.900717245706847
CZR;-3.619705873410024;-0.0020988119197558916;5.494722783243208;-14.781444414390046;0.9364391841686385;-436.0461519425885;6.277553029816563;-141.40590150952735
D;5.61026934846765;-0.04312922564774853;0.10948673128873351;0.09636545515171724;0.27358490566037735;-21.72438524590164;1.013612565445026;-18.56868861202186
DAL;120.49918822988506;0.023777420525851786;-0.27507031325768594;-0.9217221135029354;-0.09926213179972902;51.91494002181025;-0.9864757358790772;22.86462241221374
DD;3.443462318952565;0.16840241065764433;-0.7334837718455924;3.4294520547945204;-0.009683779155624031;2.259456914142207;-1.191047162270184;5.036286593627374
DE;7.3632687822001275;0.1253437616387337;0.4655471001456064;1.761798897688852;-0.024726134585289515;4.493623495014084;-14.110828025477707;14.435199368648751
DFS;2.033892030025021;0.8205440761111937;0.2212791755077296;1.5959980943306336;-0.17914438502673796;0.6875973767165477;0.16733466933867736;1.0603151754773723
DG;6.571983644538748;0.3906302094443523;0.5348822496322533;1.12211651359208;-0.11782437605974755;1.705314478041613;1.7262116593044237;7.266698779585378
DGX;3.0418825193370167;0.5385996409335727;0.3994032948501751;1.58419689119171;-0.10218978102189781;0.8958333333333334;0.9826652221018418;2.936430592
DHI;2.5104004109987157;0.14137503871167545;0.9710595415513449;3.0213790446841293;-0.035265829548490515;2.2662582146768893;-0.038876889848812095;9.165418970427163
DHR;9.680590050356003;0.3217227424798025;0.6068457203336661;1.581357088399342;0.027019258407588388;1.3562593090420314;1.4714855503463717;8.013908741235877
DIS;5.698535530774801;0.17169390491616107;0.22273609373016304;-0.7778396436525612;0.15816326530612246;3.0744635607964432;-0.7719036697247706;6.997973480146917
DISH;0.7634699612517326;0.053877304262047836;0.242487670566572;0.14864184259792662;0.12903013791386905;12.54736351609172;-1.586404035044348;3.412372836967571
DLR;8.515573309502273;0.2192533617663497;0.8014697745418092;5.884983021763562;0.6264906622157107;2.1295581973792883;0.6634610404522601;3.7459095421427415
DLTR;11.034032581070061;0.3299931463143715;0.2311913587397197;0.4973220263334077;0.002969876962240136;1.7332235193010097;0.6407872167554391;6.2993476129771535
DOV;4.954241823952146;0.532473997613326;0.009788088428281643;0.3845835412393044;-0.07520955776086329;1.0177874609864976;0.5114656287210478;4.919429061352143
DPZ;8.90405286469593;1.3424342488195593;0.6651963012632713;1.2885251399770818;-0.1919285978006344;3.0997721395476066;1.2037006269729535;9.219452288897726
DRI;7.755056680476875;0.38598001422208916;0.0036121726032746645;0.31350448758088084;0.04907481898632341;1.9375868644752579;0.5882049518569463;5.929025201848799
DTE;3.821161491049491;-0.05114226375908619;0.1869596256048227;-0.2001763668430335;0.0782122905027933;-17.882523567802757;4.3007518796992485;-15.788961693981145
DUK;4.879942981975877;0.005907045723047533;0.06501166984935286;0.27754168028767573;0.05285714285714286;145.41843971631207;-6.846262341325811;102.1534730893617
DVA;2.1179981388535727;0.440417683662141;0.06823462111531932;0.4744175112790792;-0.4421222629749768;2.4245194857632444;0.2865818066072706;1.2612042132748829
DVN;12.939027439572193;0.21800037190851052;-0.12495519392071117;2.1325167037861914;0.2895238095238095;2.4279215240261585;26.807692307692307;13.759443452942849
DXC;-2.648844931257121;0.45373085695666343;1.3306165373997634;0.21138211382113822;0.8102428947930764;1.540394973070018;-1.7963340122199594;1.2521380078994615
DXCM;19.46233086523335;0.132314843958066;2.407794015309673;-4.081673306772909;0.1205098493626883;3.460750228728271;1.05;20.374015531564503
EA;5.314578685590152;0.7904411764705882;0.16181630546955625;-0.1344364012409514;-0.0462046204620462;0.3209302325581395;0.4365079365079365;4.741235894573643
EBAY;1.1111397464451827;0.5824610737905536;0.08916065642312114;-14.393700787401574;-0.3919172932330827;1.0930710773357175;-0.10766129032258065;2.242644593294591
ECL;8.734032577580747;0.4304649887256993;-0.07986530137372365;-0.2509281357730045;-0.011395027624309393;1.4723720535145466;0.16046454567759877;5.466823080908898
ED;4.756093610870539;-0.09105431309904154;0.13654117842599517;-0.11737704918032787;0.15076522305437967;-8.976928622927181;15.052631578947368;-7.654784645998558
EFX;11.353021275818783;0.2532570452220636;0.46448753792159897;0.26715477609398947;0.01498751040799334;2.285130936529072;0.4483104717296755;8.831471410563692
EIX;6.250269966555184;-0.3449347026752885;0.20982142857142858;0.34252539912917274;0.1656441717791411;-2.9618942596336457;21.178423236514522;-1.3738876824113215
EL;9.846627525987525;0.6810429880197322;0.37136332882273343;1.2978382706164933;-0.011441024244075185;1.0949917218543046;1.3101851851851851;7.841436821192053
EMN;2.367005205792014;0.5112745098039215;0.09707822808671066;-0.38078034682080925;-0.06422651933701658;1.2962607861936721;0.03273809523809524;2.0688033994247363
EMR;5.155009560369111;0.6859596494323863;0.19470649895178196;0.5171277997364954;-0.0715171345037758;0.7328074086777568;1.084958217270195;4.550748021265649
ENPH;99.28928644797836;0.40702303002628354;3.8295360035783426;-4.218467870419543;0.5138957547112939;2.0188750118949637;-10.198169701808801;63.61434495561718
EOG;6.503409042715601;0.35810033111403855;0.7552238635485452;0.8059466912725612;0.011138183083884442;1.1944763373581373;34.01920705345373;8.273776130437533
EPAM;12.81813697017467;0.5648226047945243;1.5910229115418133;5.619736118746564;0.08779307563799758;0.1708779268598195;1.783471653438674;11.474727159148802
EQIX;27.849186124421045;-0.01870648431319275;0.5189759336768284;1.1469083448506752;0.16920394514273818;-31.881070292985576;-4.376512196734316;-113.68047016530411
EQR;5.13046856215882;0.28806497415754734;-0.0029978886512373928;1.2087019060276343;0.02000174402127706;1.6196281127657162;0.04313372736477736;4.019507477916178
EQT;-3.8060360233200217;-0.04762703847940802;-0.008520543513426076;-1.765323702759443;0.9041092966165012;-12.370863227651075;-1.5420268978572214;-29.634536038279997
ES;4.954485094598453;-0.11995705436397142;0.272327786377709;0.2353562160170689;0.0838431587664372;-6.647632711005684;13.927791389138545;-6.324723857757675
ESS;6.010724126069756;0.2363264812808774;0.05620430838353866;0.1281465112144073;-0.005698052785274245;2.169854637667793;-0.9999989185617802;4.694378628028305
ETN;5.805767395686095;0.44333188788583594;-0.03803175847872966;-0.2817420435510888;-0.10258717660292463;0.9215721145296105;-0.26001863932898417;5.6245630247199
ETR;4.387757147555646;-0.23554876172388858;0.06035632730779889;1.6300954736418927;0.1185008017702411;-4.548659687724003;1.9905994987366828;-2.4356157109284777
ETSY;11.356662310622276;0.5572790875442283;4.278672622730497;5.033092909535452;0.07327807671768796;1.539171943265533;10.487929382279228;7.416827678425378
EVRG;4.774138471802934;0.01839022501862088;1.1729651812930595;1.7157940232156088;0.6123371518418689;43.102056260042154;-5.200469575690324;38.51464620976144
EW;9.145121832791931;0.6834911587141063;0.5231566384304136;1.575565455791638;-0.014382803856488068;0.36640810653275346;0.6993456131846825;9.593295538716765
EXC;2.9369289017359708;-0.10911516344609647;0.08398198681816826;-0.5474801061007958;0.0337909186906019;-9.745637982195845;46.77884615384615;-4.317372634777448
EXPD;4.218234479420386;0.7775727112648088;1.387464405165304;1.892625857012946;-0.05635798646560333;0.12506267062137474;1.114325128358861;5.211362546544895
EXPE;-11.246501427843427;0.1809435366445559;-0.14531477824109398;-0.9603136806680002;-0.003957287675027536;3.820595630232866;1.8241478879965909;6.27498571903735
EXR;7.852263599036017;0.3684336868536372;0.42746529666274213;0.7278215831303118;0.05880157609445542;1.6180110841123734;0.6093076823914946;5.604615273789328
F;1.9292881600914809;0.2997123977310786;-0.13034520589886206;1.3595106550907656;-0.0017850565535573275;2.0874454574479406;-0.1346066805467548;0.9576288600517933
FANG;-38.11428423331991;-0.17886562094115296;4.640144351848087;3.524520954420946;0.8574873278745716;-2.294351789063748;-1.6816641057644335;-8.16532561753393
FAST;7.2883928244783;0.8444414243000815;0.36906958205215806;0.5986864846180435;-0.0024288688410825814;0.18495509704831492;0.3185041908446164;9.162396812051373
FBHS;2.9772772637043823;0.4406019464551657;0.449113243616679;0.6343630977570884;-0.0872024376894735;1.139920606846677;0.09005283712382266;3.065391471131549
FCX;5.687997752779307;0.32481395632548493;0.3927330366396391;1.3698403962575674;0.014840024879060124;1.7944600938967137;0.7114914425427873;4.852155829483568
FDS;9.35277262577075;1.0229669514737225;0.30320370723702256;0.5472452073306254;-0.03607133858793955;0.46367149648072004;0.7411418398462976;8.01705496349857
FDX;2.838099524682073;0.040046181758205505;0.3919163116099405;0.745412078745412;-0.0009596528087270081;18.512767710049424;-23.85483870967742;17.09639359472817
FE;7.456910752242926;-0.04193181468843186;-0.205821502461297;-1.744199535962877;0.22522522522522523;-23.71041055718475;-0.6215098241985523;-15.843201876832845
FFIV;4.347556029112777;1.0616207298281803;0.24562915272953975;-0.2127573610672092;-0.050831346516447724;0.3814818047751841;-0.11905819954128441;2.584383080577212
FIS;12.060480547728769;0.1605187953396351;0.5211005151814097;-0.6838514025777104;0.8757575757575757;1.9270519492376519;2.155141843971631;3.345178481146718
FISV;11.084564140975436;0.19897719367514619;1.8486657303370786;0.07062600321027288;0.5895953757225434;2.4571482566380043;1.4030100334448161;5.8842560090711515
FITB;2.1608179264599854;0.2325232875907261;0.3346133705707802;0.2625341841385597;-0.05481203203673267;1.4938708454442058;0.8962787015043547;3.0300057768229496
FLT;3.6050789618964587;0.5639294108362193;0.2596968799815784;0.13414887868143746;-0.10197631928365285;1.0521682972998063;0.789430840612255;2.8843842454312565
FMC;5.62925818000214;0.31514269165140346;0.7526575418606267;0.37458006718924974;-0.03425167535368578;1.9915056380706373;1.8823058446757406;7.838904900899111
FRC;4.041365912609993;0.174799209833187;0.9427005182231967;0.9507430773697965;0.12292544282596558;1.7283093658696822;0.1899242044303977;5.159858564925616
FRT;6.3921778228168;0.005763495807968856;0.10949579400663441;-0.09801527349489848;0.07236851227865829;116.73040419123788;-1.5160394250238458;206.9018422211536
FTNT;4.313237357027757;2.195205395119767;1.2356899654164408;18.325456224720533;-0.06376387574219086;0.714512798692023;1.6221266715022882;1.9633039483804913
FTV;3.3474326011360187;0.41751034003147763;-0.21053185096153845;-0.417520344662518;0.004316546762589928;0.5669600589122278;-0.12419494376622128;4.060832384893222
GD;4.3072720094030315;0.46008566978193144;0.242017240822652;0.11847527472527472;-0.06985294117647059;1.301594018902525;-0.019414662416690813;4.910921994075328
GE;-2.623356198019802;0.04442268093013912;-0.38410200219145335;0.12685793294158312;0.0164705885489591;29.765404183154324;-0.21348762968874702;25.162864877331828
GILD;4.6191908269697945;0.9511505684792395;0.045888075994943885;0.3450734658599827;-0.03902065799540933;0.7766037071280765;-0.044481782808631055;2.2184847063796065
GIS;4.739474834529228;0.5173225166376934;0.16051421913212718;0.4116440422322775;0.045988758303525806;1.1712857676249957;0.5055558966173491;4.046836807983436
GL;2.6199255132944668;0.6370933243252566;0.2318936522111391;-0.4878225692233863;-0.13567384800550206;0.22752218478639388;-0.006627753371196069;1.69345361538053
GLW;7.111373085381302;0.17514931849507376;0.39205219454329776;-4.835010060362173;-0.05139664804469274;3.728650539201399;7.875;8.180877169338386
GM;2.071960580796253;-0.2287493047909833;-0.12764788306728578;-3.5929089026915113;-0.008873720136518772;-2.5924777333961844;-0.328190198932557;-1.4047817687250355
GNRC;4.168613558988;0.38986759135128274;1.2345631694913735;2.3465423562922716;0.010401187581623832;1.034686878851788;0.3217353141252112;4.559062851188501
GOOG;5.7781681778987135;0.6698068064135986;1.3240900275134184;5.004817564365819;-0.03937777164679942;0.23127325847968183;1.8030284017233447;5.97769898459209
GOOGL;5.779362425029504;0.6698068064135986;1.3240900275134184;5.004817564365819;-0.03664780481794531;0.23127325847968183;1.8030284017233447;5.978934471279443
GPC;8.697589305566408;0.7495528085770031;0.15707525035102213;0.45728382490997266;-0.02518010058447737;0.8494746757856373;0.507177004419072;5.052301577386036
GPN;9.746474435131026;0.17054347682020524;1.1442547135802985;1.0610770133959546;0.8848899464604402;2.3094563709942575;5.922017168810498;4.368712244105875
GRMN;3.7684448451046126;0.5654505519951398;0.6141200335341321;0.5572231295551511;0.0173403326447601;0.08353777859628965;0.38105848925358704;4.759017306092521
GS;2.198524926397201;-0.03901298039624367;1.017029810666576;4.047830144657023;-0.13695219123505975;-15.775495666627092;-0.8209967983944187;-7.087195543630536
GWW;7.733608700467541;0.8261426249492076;0.2491297243569169;0.7806839328700937;-0.10013003901170352;0.7141673187788132;-0.16755566513767067;7.521464204330549
HAL;-24.154321683029455;0.31899451230306247;-0.2582444228903977;-4.146868250539957;0.027586206896551724;2.0878653348131704;0.015525114155251141;6.371450743618202
HAS;4.796140708911542;0.44444047854180185;0.2323740225598691;0.08091889452278957;0.09773750589815977;1.434410813250746;0.16233899518406245;2.723223288828337
HBAN;3.716556145526057;0.29735249621785176;0.3909914093336429;0.09190556492411467;-0.062401469180942686;0.9040956499618418;0.03125;2.8845618926481813
HCA;3.2599113439509346;0.5448645819704304;0.34709038382170865;2.1389891696750905;-0.03046631224513813;1.9052444529824224;1.2322687681459976;3.165348552108347
HD;5.724013601358654;1.361368306539345;0.3965854432052434;0.6169410581877592;-0.12611879576891782;0.7834070285724433;1.0063709875030629;5.266909750288566
HES;-6.218730953137846;-0.12729634440527;0.36717892425905596;-1.1372115856651939;-0.01690734765890561;-5.065597667638484;-2.152217741935484;-22.05262317589893
HIG;5.164435240797862;0.6915346469478211;0.2754212324731943;-1.7553497285212392;-0.04976629089909266;0.31374539916233024;1.0454545454545454;1.5937713273258027
HII;3.1484796701030926;0.3838095238095238;0.2799354925413251;0.13569937369519833;-0.11816192560175055;2.229942100909843;-0.006944444444444444;4.041720800661704
HLT;13.942533417468256;0.40605113319191694;-0.36673960612691464;-0.6743447180301827;-0.1388888888888889;3.640637888369535;-0.9581005586592178;9.963333613417651
HOLX;5.518747207422753;0.5394122120817036;0.8413430103308487;1.4771674387822633;-0.081358488408247;0.8496147842288131;-22.82980866062437;4.762173902009165
HON;5.750229614531426;0.6961490939044481;-0.15152711304090394;2.3486404833836856;-0.09381970869964572;0.9507839077059607;0.04214792299898683;5.290959685253661
HPE;2.877227719013425;0.06148287324757913;-0.03765023726230474;8.962209302325581;-0.20473876063183474;7.990126939351199;-2.498665480427046;8.66550106629055
HPQ;1.5050191698113207;2.918490460157127;0.21959044106347012;1.5744259699129057;-0.2843601895734597;0.5366533673027929;0.779236641221374;1.4723910082199683
HRL;5.368732482984502;0.36887338550050747;0.24201422435012135;0.07334526150448488;0.024133029754165224;1.132119073814197;-0.02458075065596836;6.5761195169451545
HSIC;3.7726195169053196;0.5334592328262441;-0.004856701934904851;0.5536144563486496;-0.10648842059609534;0.7496226829752357;0.35893529074553787;3.578862361921141
HST;6.71849144857768;0.1285606251575498;-0.4635232968256915;-1.0195035460992907;-0.038315732466829136;3.335294117647059;-1.1416579223504721;8.02706037124183
HSY;8.042522257820098;0.8058155630042071;0.19372301716496176;0.8870342958513681;-0.05572537397818559;0.7875690556734404;0.6000635183094047;7.198878189965106
HUM;5.400913020551073;0.5274349133907271;0.5448881284058995;0.19812091503267973;-0.10938246143411792;0.690986561783022;-0.7316312056737588;4.6514057859062605
HWM;9.88884823635196;-0.0807231983702572;-0.616358024691358;-4.486486486486487;-0.034913750099991474;-8.608832807570979;1.380952380952381;-24.28538912302839
IBM;3.4831459366700717;0.8240642071895866;-0.2753130567735251;-0.0019120458891013384;-0.039461008790737565;1.2994500098212531;-0.22569685738553008;2.0094283276370066
ICE;4.326505964711493;0.31087816241399857;0.5714775454233801;0.6141607000795545;-0.044142614601018676;1.511109174871482;0.5457175925925926;4.743059863030409
IDXX;13.165672254434716;1.193397330971917;0.6329432652567878;1.8305604535919497;-0.02765213230183778;0.47892384891116047;1.144494422939455;15.34951289439576
IEX;8.459688300444533;0.574855762007312;0.20875508019894093;0.3325149663313141;-0.003043341378948473;0.7118310493551004;0.2666658095372787;7.372206822618114
IFF;14.002609596657754;0.07801731906936824;2.429527419006985;-0.08680432245954035;2.0732262552168965;5.823604733535311;2.9727560613179618;9.484158988888318
ILMN;11.900796404322334;0.5051200877045033;0.35049885901817607;0.41792157769713106;0.0014442597487533042;0.5499427852481771;1.1425634292557296;11.709230131522139
INCY;19.053782152585363;0.24845989003427418;0.9439108823238399;-4.02923593768961;0.07746602795972236;0.32604968607272816;-3.786553534402894;18.01468341086122
INTC;1.2403010828710161;0.5401672010307734;0.25912589028218164;1.0693677741901886;-0.13656668793873644;0.6317329561213735;-0.064847077042199;1.590522561047318
INTU;13.409872220270094;0.8849299538424164;0.8607301525980298;1.1235839340885685;0.05058365758754864;0.27379209370424595;1.2826880934989042;9.359177838945827
INVH;37.57384528727609;0.13342228096002218;0.8935024315855759;-3.4817965197414016;0.11269444288780255;3.573828897250532;2.776118267958448;7.780842431767521
IP;1.7122974340118189;0.4793480819016239;-0.10946051602814699;-0.1828358208955224;-0.05753731318913908;1.4750214802994968;3.046448087431694;1.6004842224131581
IPG;3.6784383659509787;0.7145441130970798;0.29918552725058356;0.6455958549222798;0.010010266940451745;0.90170869000433;1.590301694448271;1.9344790114245745
IQV;12.979782221038615;0.31796536796536795;0.42458157921757883;-0.2620320855614973;-0.1216712580348944;2.281484002722941;2.8302828618968388;6.63568172089857
IR;22.097527646757506;0.17957709995456972;1.1690662625242065;29.570652173913043;1.2407608695652175;2.0485553237761307;2.837160751565762;9.573208794993564
IRM;8.900163982827577;0.12681338443917306;0.16797292890691595;1.449225061336844;0.08860164423952041;7.2667533491630385;-0.5555092978073828;8.982164895974726
ISRG;14.424006969186165;0.5009580387399071;0.8249544568378664;1.5827272727272728;0.0647567860340197;0.07577832709780866;0.8211288292068821;14.291986060929984
IT;18.512509964560742;0.8219281691704347;0.42955475685596894;241.0128087831656;-0.03888499536545113;1.2318182230504928;7.713868328788469;8.827653565634341
ITW;5.834758370139969;1.0474493786390893;0.009850496017884588;0.5969176052163604;-0.08573089218250508;0.7451256948477557;0.07410926365795724;5.602878401725712
IVZ;1.4949074898001236;0.19561034043046485;0.336065732612445;0.23569591058280848;0.12237420615534929;2.5316265655248706;-0.23010325655281968;1.4331290837975583
J;6.727111192519974;0.1696824512057253;1.2262798560407802;0.631245447675194;0.09067604925860769;3.2764714160789743;0.3866744304662001;9.188595502063489
JBHT;6.148570784340298;0.29990574886655375;0.6924941804570177;0.10862162173977032;-0.042449934492911574;1.4690541063625737;-0.15809277172671185;13.727999299779597
JCI;3.8364003100298762;0.16906352621447174;0.03647908911758266;0.016139044072004966;-0.24227520581631562;3.1344050011163205;-2.453794139744553;10.034255331993748
JKHY;8.892953123346478;0.9644476694012265;0.22856831412106768;0.2672004491584382;-0.04418347462689004;0.36230614768677427;0.4549957922117665;9.759864358347109
JNJ;7.320224548986541;0.752750040591005;0.1487550424259285;-0.11039903264812576;-0.027341104469924563;0.9318405478639508;0.299079853291294;6.085795817360709
JNPR;5.666117931273863;0.5439724043671391;-0.05804423933800127;-0.17472240365774003;-0.14217633042096903;0.8056951423785594;-0.46821174136531696;2.929663632447954
JPM;2.3168497848967573;0.024518826129984;0.2294021964255044;0.9775786588110142;-0.14925667304876675;18.923990946812523;-32.221111555377846;24.880135081604426
K;4.963727063528432;0.3717491984324902;0.07126186401120274;-0.0023923444976076554;-0.007530950631965083;2.1854336367992335;0.2934497816593886;5.709356404408242
KDP;8.209825648348207;0.22830691981798212;0.8958146487294469;0.9944237918215614;6.7785714285714285;2.1925544100801835;1.9144578313253011;6.0064325791523485
KEY;1.9185245927433028;0.32036735101321;0.16081147946561108;1.025462962962963;-0.09728303351062143;1.2507270461154965;-0.361714621256606;1.7628985326132114
KEYS;12.449743541718556;0.6180471844325813;0.5493885230479775;7.764705882352941;0.027777777777777776;0.7489551407077181;3.763485477178423;8.35648709724157
KHC;11.485192086870681;0.17727700057530132;-0.0013038809633379353;-0.907503884471255;0.004884080624013901;2.7606458762070605;-7.4623188405797105;3.6835521874307426
KIM;4.152992758621449;0.17178290554897627;0.13636439341324447;0.9810103854955113;0.1950690959222311;2.736107967954363;0.007642698162268126;4.336917395212994
KLAC;8.02327535430918;0.9831635476278883;0.9881339557829365;1.244191621422;-0.015223560088963877;0.7042320891435144;0.8763350434312357;7.308894224296272
KMB;4.120923368294876;1.0591039084842708;0.06468043156799387;-0.20368744512730466;-0.036347673809239193;1.0352035203520351;-0.19636194029850745;4.1258689708970895
KMI;7.0007140703483435;0.2035529804877301;0.21196643560744255;8.748633879781421;0.016591928251121078;2.46039156626506;2.1330502476999293;3.1023495710843374
KMX;2.6325723235780067;-0.07392994720104615;0.19370130036198785;0.1913153739413369;-0.14268977582574616;-10.525278612476209;-1.567792192552709;-6.7467856827629165
KO;7.502017035404455;0.5923159965099599;0.09164077944083593;6.829326923076923;0.0053838951310861425;1.2369610266397024;1.072914748665071;6.390752783761516
L;4.1645019331163065;0.30657606002689886;0.0005096468875136512;0.3556701030927835;-0.23721814562847213;1.6818286769799122;0.37331622835150735;1.624549992149619
LDOS;6.620095143621766;0.3444819697134764;0.20914454277286135;0.7158469945355191;-0.06578947368421052;1.8130929791271346;1.5865168539325842;4.693944753953194
LEN;2.1440300985466436;0.38165885323229387;1.145333935878017;4.466033708419702;0.29287596719445086;1.0423509271255433;1.7879641754350684;2.308762368565329
LH;3.1579575458453344;0.45240287683187386;0.5439404677533664;0.874546601482416;-0.0556640625;0.9750828133938193;1.3157342657342657;2.902612044858918
LHX;13.477172212039532;0.15831958726704803;2.083728813559322;1.0235081374321882;0.7455138662316476;2.6333407226778984;4.3822222222222225;9.975676793615607
LIN;11.119635559550561;0.28042257063804815;1.7111287198450431;2.0681635926222937;0.8400550546529216;1.347485499013335;2.83757225433526;9.468612711116426
LKQ;4.5901330999891;0.39393178702008685;0.3442155000113486;1.04381313888306;-0.012854536676096135;1.180177102993447;2.1593566993319797;3.822899992671635
LLY;14.786782322753085;0.7411586243975499;0.23816311272205778;-28.347868691817737;-0.13788671920670936;1.2745733027969781;0.5606894553881807;17.715345805154563
LMT;5.026785542723076;1.1973492379058979;0.3133521391631406;2.1543456543456543;-0.027102154273801252;0.9562762895727253;0.4529156444612191;4.901403392812338
LNC;0.9554536602150537;0.02714057329813734;0.34081503822683595;-0.3241943241943242;-0.14673242822918603;8.321917808219178;-0.8083756345177665;8.520552504109588
LNT;4.634116088540208;0.23459237367548474;0.08479687777186447;0.44171122994652406;0.0892468437091859;3.2290674450760486;-0.4081757169005491;4.065548703641112
LOW;6.469320859462309;0.9216218171296297;0.378054970238553;0.8865179437439379;-0.15;1.042659236293709;1.0804494382022471;4.8162559045563365
LRCX;4.752245560348139;1.1149214647573287;0.825161412694887;1.302122263236977;-0.11473782840798412;0.5156747423822164;0.7303974703276895;4.806826841236617
LUV;3.5653663937621833;0.3404274069178233;-0.2541684379575835;-0.7198967889908257;-0.014975041597337771;2.166968677193891;0.07797619047619048;2.840848501164898
LVS;5.832472040978941;0.33802734260400163;-0.6713243285204161;-1.3424803991446899;-0.03535353535353535;2.646415552855407;-1.2223421478683216;5.336393009546954
LW;6.549303068205666;0.45976409719441963;0.15874368686868687;-0.027837259100642397;0.0009931697680891486;2.0835956862482417;1.5454545454545454;8.361559145287695
LYB;1.3932894933440096;0.6472066271445959;0.3389687971233036;0.14695634351301495;-0.15338455032352447;1.070063694267516;0.5676414320852692;1.688851116530179
LYV;-6.995749598320099;0.20054969270755768;-0.3936175543519058;110.50041562759768;0.03585335696098461;5.303755459712975;3.3382227765970547;10.894025663565115
MA;9.48216624965141;1.5704499601182378;0.5110826598383612;1.2189016602809706;-0.06091846298031865;0.5107406411520421;0.6853078721745908;9.34590136464402
MAA;10.449033976014292;0.21352299299247476;0.16291505421563426;0.625533301459594;0.006886700115513152;1.9767881050198632;0.9557756425944702;7.746202992477011
MAR;9.010725277860328;0.5950197628458498;-0.39473224425613695;-0.1989795918367347;-0.13166311300639658;2.3557858376511227;-0.5473588342440802;6.445296252956025
MAS;2.772558522691706;1.148217054263566;0.0956305599162742;-0.23452157598499063;-0.22293814432989692;0.9667836889008912;0.3875432525951557;2.870642553605185
MCD;6.975678600026515;0.5761876001870916;0.017637727647192864;0.4531517824470851;-0.05900336607480166;2.1353125689606256;0.9206220419202163;8.086457723274803
MCHP;20.89347660735439;0.4819345568636162;0.5958650240462562;1.1222189153238298;0.19523379804416288;1.2576945047214856;0.8532894643252701;5.103609078687392
MCK;39.53088367624021;2.0036534446764094;0.19994157142641275;-1.8952662721893492;-0.27330316742081445;1.0803334201615005;-0.06719273075083693;3.1550567226882
MCO;6.232446173843246;0.692680686931766;0.47903237315953473;1.2126723965620627;-0.024594453165881738;1.22875401055339;1.8406150098949612;6.382502152573383
MDLZ;4.891834987353007;0.28469375077649395;0.10905159097930182;0.47159479808350446;-0.054196959682749506;1.8009309767983126;1.0113996200126663;6.414284759037021
MDT;5.646244765552138;0.3336410611480812;0.013699091215079099;-0.10476663356504469;-0.024657335557328304;1.267130394681219;-0.1317099182367579;4.374044117597325
MET;2.309427165857815;0.7283720165768558;0.05984785260319702;0.6344139650872818;-0.1733330848573368;0.43167531672093096;0.025482374012863306;1.0047768848199607
MGM;3.378057390508424;0.021545751907559526;-0.10151974623126399;-0.36010867801943186;-0.16399739276159322;34.45576976125664;1.5785896024000303;20.649461711020084
MHK;1.477346205681124;0.31604359548446526;0.18009385447078322;0.06336713352930036;-0.07821724921661713;0.8084010630249919;1.2009930562558024;1.729136271487211
MKC;5.841911788064819;0.3489194338872869;0.3069444157133696;0.5821114369501467;0.05402208201892744;1.5350134330101624;-0.13051034918628535;6.169116168671884
MKTX;8.215081664986316;1.0094172610543721;0.7584955883573896;0.7414392696283991;0.013427734375;0.12990837208527387;0.624636786030124;7.802552912073506
MLM;6.534445612879574;0.21159795223539352;0.36524313885889476;-0.015198880761261779;-0.009538950715421303;2.7806715375788804;1.8866545749799033;8.234073707291923
MMC;8.06233262252315;0.4834727690288714;0.4132915002852253;1.10656836461126;-0.01364522417153996;1.4006277037916701;0.9547454431175362;6.868267582322504
MMM;2.6456723895406795;0.8245729500104706;0.11681460656410904;0.21881432688349114;-0.03096234309623431;0.8315495410514095;0.20217793301828643;2.5035165716358887
MNST;9.07823304194769;0.8192693991473364;0.6447842044258832;0.6784597613192994;-0.06707870045273139;0.050697365960719706;0.22768199972501768;9.632507719742117
MO;3.571154123149689;1.3940918375066194;0.08294859956909818;-0.7578751711993739;-0.03279541905257678;0.8831429579184416;0.7438069023925471;2.212435446400955
MOH;8.526554007067137;0.9163679808841099;0.4016554787260889;-2.287109375;-0.03333333333333333;0.5501955671447197;1.8440111420612812;4.1947236575402
MOS;11.467563816343194;0.1124646135369306;0.667800361702702;-16.21082089552239;0.08007979481333713;3.8141759079974182;6.785095320623917;10.712614182949011
MPC;8.26662752105924;0.2157890386046127;0.60548887372379;1.8374125874125875;0.28007889546351084;2.5968433956481767;-0.25303069383543975;5.548875552558995
MPWR;23.64381246828096;0.5976157268777357;1.5647135767812133;2.71183841234299;0.11172914147521161;0.15454955106433063;2.3031389607336;21.80818691865353
MRK;6.496078665595105;0.5334015330932328;0.21389761228253826;4.450710108604845;-0.06178554134593045;1.1445498252896513;1.1191050669006362;6.583118576255156
MRO;-5.360391263972485;0.21482993197278913;0.2808140864395152;-1.1652979206709768;-0.07411764705882352;1.4791006966434452;13.148387096774194;7.89630784040532
MS;3.0493215921171215;0.12362836868077515;0.5735244895682249;1.4601538209785632;0.0028089887640449437;5.384496195740154;-6.161884577763287;3.5210951739321477
MSCI;14.05702968878893;0.7758718452144463;0.6038211481652399;1.388321950705986;-0.08704171094580233;1.3731558609752217;1.4857109086764544;11.807619456707632
MSFT;9.104557040166076;0.9689125346224072;0.8686826014452473;1.889596302584418;-0.025690679060160083;0.5074443274520031;0.7884505067244566;8.178386677714252
MSI;11.114582192615543;1.0745046667758311;0.28072100313479625;-9.03225806451613;0.04358502148557397;1.241846997866504;0.42448614834673815;6.560008660774154
MTB;2.538309954386412;0.4702137205246079;0.06384464862406025;0.3198452609021051;-0.15478544713104442;0.3465513341310959;-0.05076750787744883;2.137052703733956
MTCH;6.883126823037359;0.9738982308396296;-0.0979554244492158;-0.08920583489656439;0.602154552659943;1.1243491706169606;1.4402360134479595;3.3481913934635807
MTD;10.464732137338132;1.4841868538435266;0.3643514456416077;1.0453251837902822;-0.10048050494728951;0.7302911910517073;1.0602907181556136;10.733618913040397
MU;1.8456431795804606;0.3489348407630875;0.36330085621493946;0.15169974454706228;0.028466483011937556;0.47520984890878565;-0.2869260017548991;3.5203552196978176
NCLH;-1.2022405008513561;-0.39090054330731944;-0.879917534179303;-6.930718594710688;0.602563782164882;-2.160608723445116;-16.084050260622778;-1.2141992354937492
NDAQ;2.5332948017621146;0.35670707550907216;0.4844892812105927;0.6171662125340599;-0.01201923076923077;1.296756996890271;0.20261437908496732;2.2992098089737896
NDSN;7.468176399725816;0.6336633472392023;0.14282998110288334;0.5360545229579246;0.009698781568838754;0.6019094708495973;0.8252305700879132;6.494656992311993
NEE;6.940640282982448;-0.014204347088807094;-0.007327711544053504;-0.33562662699888435;0.041666666666666664;-54.81109550561798;-1.2861570247933884;-108.57910364044943
NEM;4.641042501206872;0.35116485861639696;0.6633097441480675;-12.89795918367347;0.49906191369606;1.6304061582092575;0.7876106194690266;3.3107325368175835
NFLX;10.032163761310532;-0.20002337867796072;1.53985914133016;8.153627741627291;0.020924551674635607;-3.239867796610712;-0.9344376716990318;-18.485280400770726
NI;9.887320976368764;-0.21816286370238486;0.005128625938538547;3.5517509727626457;0.16666666666666666;-3.7953825503355705;-0.3497273489932886;-2.7294314523489933
NKE;8.209785706735977;1.1509247232015836;0.2965938864628821;0.35070754716981134;-0.05115212932802509;0.8222174450475628;1.3518737672583827;8.148456088138872
NLOK;2.3422403720930234;0.4873160037582211;-0.365264991291366;-6.226415094339623;-0.04692556634304207;3.0366323907455013;-3.413793103448276;8.285148462724935
NOC;4.650660838177089;0.45177479028535844;0.38228113010115106;2.4764267990074442;-0.08371559633027523;1.631638692937647;0.2771513353115727;6.669227891348415
NOW;90.05656797941371;0.861794719918768;2.0501400395028315;-2.5422785489170523;0.16254902415196765;0.42298783762686937;2.6899381235264443;14.136561559752924
NRG;2.0683066026666665;0.36014133086565153;1.5391852479066703;-2.0157919182535995;-0.22712933753943218;2.725297827610371;-0.18840579710144928;2.5364657005372577
NSC;3.598612175585073;0.3677449874458717;0.056013647995450666;-0.4439304219096965;-0.1479680444598819;2.2096774193548385;0.8202614379084967;5.629730704136157
NTAP;4.612520118250377;1.5766656968286297;0.04607539610271353;0.5176715176715176;-0.19272727272727272;0.9638309651227164;0.4438964241676942;2.821646833733161
NTRS;2.5050875576247464;0.33535694379585135;0.3734092502496335;0.28882402001668056;-0.08735290767464886;1.1825981493127302;-0.3259858929143956;2.6264672380439014
NUE;3.053820365871386;0.44895615050911586;0.801463115988318;4.177465025843869;-0.09212787899621863;0.6655031994707474;6.646799113335147;4.190646455353534
NVDA;22.072801181328995;0.6887433790716103;1.4131693198263386;1.6002400960384153;0.14048059149722736;0.48280247063097975;2.1377005347593583;21.361723899721447
NVR;3.3312137495104825;0.9208399028302285;0.4190988154312296;1.3007826670957972;-0.010983123493169033;0.4748162946850766;1.2319356220437996;3.4270042595044448
NWL;-1.3089998338223214;0.3554394850691147;-0.2817218596952965;-0.7919091967403958;-0.12862132730634887;2.010093513433279;0.13160897679726133;1.6556312281430905
NWS;-3.282959515151515;0.17109608428998271;0.14977269934881435;-1.4471544715447155;0.01549053356282272;2.017922794117647;2.5588235294117645;4.580452705882353
NWSA;-3.2636158313570487;0.17109608428998271;0.14977269934881435;-1.4471544715447155;0.01549053356282272;2.017922794117647;2.5588235294117645;4.553464
NXPI;6.096803064501442;0.6566140006919617;0.1952247191011236;-0.15530474040632053;-0.21557614736332334;1.022393958022306;0.17277200656096228;3.5278682174409415
O;19.024531478742002;0.12923713068986642;0.7112335577182489;0.1275353044874811;0.25463811797082475;2.9867547354901443;0.5096066678084147;6.696807082726171
ODFL;9.219482246698645;0.6193598842676005;0.5652628619891177;1.2303427962757723;-0.046370543163078516;0.28940405667937336;3.2974203633674732;13.358507677823589
OKE;5.493452187506845;0.02530874975288677;0.3586689137677822;2.8668062427644316;0.5006303008299802;28.855319549097835;1.303081247143592;54.194320745581216
OMC;2.4734562183587645;0.7752663403397639;-0.06446417347580138;0.3846012495406101;-0.07877744296168747;1.0426493345713401;-0.31473847636383107;1.9004656549675023
ON;9.408487652750898;0.4178538872248991;0.21589002543702981;0.24534353028247194;-0.026546575017776724;1.0839904010970174;0.8468146027201146;8.484557569108985
ORCL;4.217317657385088;0.7092586227923323;0.07291666666666667;0.47252276379217995;-0.284325637910085;1.5786503681240522;0.13605947955390335;3.1724976934644302
ORLY;7.077130139371028;1.4442636251789611;0.4845143413822164;0.9092232872701101;-0.2241196028317463;0.7055699475834664;1.9479774395439282;6.561259484701867
OXY;-8.848304293767779;0.2675342600808439;1.0751519027822194;0.7711670480549199;0.22206247549339955;3.4187057783018866;4.043449637919684;5.043689962264151
PAYC;25.391478374991884;0.7083627253705563;1.4374351975651605;1.933225560195788;0.0016570954399316518;0.5063604629462497;1.7126427096937271;28.115603368995572
PAYX;8.239252429632604;1.45530675405061;0.2873417319836258;0.34283616786981524;0.00027793218454697053;0.23964401872833196;0.32282646345687566;7.334021293112691
PCAR;3.657485471106529;0.2149781427761418;0.20897493883760612;0.10559933142311366;-0.014492753623188406;2.076551665461352;-0.3627473538886332;7.3195608865444335
PCG;-2.4237226126240237;-0.5196849221239466;0.20466880653632916;-1.0530120481927712;1.455078125;-1.7265121343227987;-16.598214285714285;-0.9868921248101774
PEAK;5.304784974763258;0.30290740674997635;0.025863757305053404;0.2206128416177937;0.1318289355511041;1.5077516748862532;-0.061145800498441046;3.1603252387619394
PEG;4.9099109936262995;-0.09067425954736255;0.07023337736679877;-1.4116899618805592;-0.0019801980198019802;-8.898996438977015;0.033460803059273424;-9.476493798640337
PEP;6.270042597402598;0.5610124536719889;0.2510665092483274;0.5684578958204654;-0.02676056338028169;1.5656720623688907;-0.004839857651245552;7.739445798553493
PFE;3.299427864507214;0.6933339157784378;0.5469874015148631;0.031490519992491084;-0.061809045226130656;0.7729810103453925;1.0956289903879886;3.339756561045376
PFG;2.850661128806461;1.0332474201642112;0.012027076888144637;-0.25960872576177285;-0.05399792315680166;0.31182648380254074;-0.23222807715251542;1.1255498152303833
PG;5.7780361561467695;0.7862450014506831;0.17000215192597376;-0.06655356909826439;-0.048508031686617825;0.6340809908869208;0.6633578823780553;5.2197744802977795
PGR;4.29382244654245;1.2848156538581261;0.7779058103154448;1.1045722899133275;0.006714876033057851;0.16998617013759199;1.0877509649829218;2.4899381986183595
PH;5.9011303370185795;0.5460392930061825;0.19272324136243205;0.7755528710245553;-0.0328216262666759;1.0782963336327303;1.1525389019798438;4.690051325332157
PHM;1.6589698136854238;0.5617116003943348;0.6244577027381681;3.3520317695278172;-0.15013323980871154;0.49499726676944433;0.47575535714851686;1.6999370200504178
PKG;3.4731297688760976;0.6576757222940923;0.1994445220251672;0.2580017947950942;0.014372253380259081;0.8064780513392126;-0.046969401676086535;3.8771118171983083
PKI;11.534757640941086;0.2852718785653375;0.7880948250474943;2.1066585858240967;0.022560369285785965;1.5749145856124278;1.5545242746454362;10.081278486103825
PLD;8.559037770990283;0.2070853085862841;0.8178748681312721;0.7791433283403689;0.3941157616892911;1.6134882106296218;0.90030514819445;6.872648166995774
PM;3.6579162431585543;2.2998775385243393;0.09242382078753304;0.5093620546810274;0.0032216494845360823;0.6709781909347059;0.5234926670287887;3.10792626290684
PNC;2.265259560943868;0.37885793549878627;0.17184150897176803;0.06294492319220682;-0.11226611226611227;0.9392524790236461;0.26583611159852605;2.0181026367658275
PNR;2.978487953708574;0.6753715997884966;-0.23735440089131976;-0.17029257314328583;-0.08805723720418272;0.5567395937540777;0.006735845621700346;2.9552984733156453
PNW;2.897259300905544;-0.09856118232534769;0.06690580529639054;0.2666852285569222;0.007394558248911382;-10.15944775040638;1.110013138977361;-5.601612702511991
POOL;6.87996334612098;0.45619989340469563;0.8992923002322656;2.3951563665965674;-0.018046917087026788;1.2405005780083185;1.0293552872624538;10.288855739999754
PPG;4.107645333732954;0.5006845860056208;0.13911864406779662;-0.09553739786297925;-0.07301835220616947;1.464306275187104;-0.014072847682119206;3.945065819228555
PPL;4.321819292110874;-0.07977699342210813;-0.22344568282529878;-2.3120567375886525;0.11333547370264432;-8.635997988939165;-1.4183098591549297;-10.190715173453997
PRU;1.6918450086482342;0.88675114927152;0.18839317127108848;-0.017677731145873076;-0.09320843091334895;0.2550401843267411;-0.27021197471178876;0.5446509296980003
PSA;6.099671364327155;0.5399305170296832;0.2800405317088672;0.3543475080379721;0.0050745047893878915;0.8192816521625433;0.5005382834730803;5.337609793398579
PSX;4.078900848790141;0.30575031176389084;0.0891220665533345;-0.7424598511555033;-0.1457259896328797;1.91752016677241;1.2890969162995596;4.109955654491072
PTC;22.939825459284695;0.29423246240985934;0.5524900797997317;75.44221830421542;-0.0044309622004839976;1.5577760200892734;2.1475821376871345;13.500170117205865
PWR;10.770052039218918;0.1638212355219553;0.37117658753339944;0.5428252131894926;-0.10322564115702902;3.0612701440835384;0.5307845162097885;13.999751966129491
PXD;13.88379429386845;0.09773338200643812;2.3755194559879107;1.5426170468187275;0.42872936470588235;3.361969439728353;-11.50909090909091;21.143910834634976
PYPL;6.016294743495437;0.6759057676685621;0.9376050099282114;1.3225626740947076;-0.024106400665004156;0.53108023652709;1.9141630901287554;4.246490044901687
QCOM;7.372458329713722;1.0339754816112083;0.5080420522958038;2.6985685071574643;-0.23425863236289776;0.727905751279735;1.1603797152135897;4.497621371875941
QRVO;8.366318455884603;0.5163290584840963;0.3240590336789803;-45.30553206909047;-0.10996805414979757;0.5802181515580844;3.974580354991567;2.907331013631815
RCL;-2.4268253256761088;-0.26104901910463624;-0.8254545392405539;-4.236965220692706;0.1868258339274149;-2.847908102191861;-2.777817356784111;-1.995831446410106
RE;3.790031272249808;0.7810611688121808;0.9146452001373001;1.940676122891114;-0.04305604365202843;0.07189282290352444;2.2969511298339285;1.2695098993049052
REG;10.163100605639563;0.2848527337499791;0.184730465313321;1.0525735899634818;-0.010397589964062797;1.5239353429445173;0.39954069439197193;3.8039353373525557
REGN;4.5888879958859095;0.6232287304655658;1.7369003275929218;5.737777125116081;0.011867817713329195;0.2043007264839662;5.311733556568189;5.9496025063480085
RF;2.605029337875654;0.5858293541696812;0.12451499118165785;0.9960411718131433;-0.19983136593591905;0.19817223777375267;0.44976076555023925;1.762780843734563
RHI;3.986436003717481;1.2691351452686073;0.22682795912272163;1.0600790132973599;-0.09200818351697919;0.08398182088907338;0.37426680703865245;3.28152851140065
RJF;5.229679608587321;1.2328704232898733;0.5423164054898777;1.2051600430658482;-0.04286628278950736;0.20969625334726286;4.870376775853942;1.7985457658270148
RL;9.237106483632523;0.45387074491156487;-0.33850408850408853;0.21953675730110775;-0.11124546553808948;1.3089937351785652;-0.5913511895855155;2.47691638834814
RMD;14.236501402038225;0.6724107285058355;0.5467981654172737;0.3862903320050017;0.02796406338426712;0.3761745856210672;0.8094968430455051;12.421474988520911
ROK;6.467296537118396;0.7442554334761521;0.10870977453139606;0.6447862419765048;-0.09657320872274143;0.9528812722056504;0.2783817101871568;5.4538209260349975
ROL;16.825241240326523;1.03649226027877;0.44824508634331706;0.9577890176637414;0.0032540017493317675;0.26488766673251063;0.7780198395747306;13.39953216131078
ROP;7.219588160595275;0.37727624507345037;0.2540068076391582;0.18608068559291685;0.023803930780674967;1.224866182253706;0.6590549693347609;5.667629303881807
ROST;5.705129975126304;0.8511353598112649;-0.026051008812865588;-0.9236060533939842;-0.10132509104262938;0.7109472084464818;0.4595894750949863;4.318996455285874
RSG;7.293780227345161;0.3227387951027453;0.1248319474182144;0.010638297872340425;-0.0548798576090181;2.2662477648356423;0.5962645238353784;6.8841076836177075
RTX;9.076189275425078;0.18472566092673473;0.07605662048565269;-0.15114235500878734;0.8867088607594936;2.5729632046584006;0.46709916589434664;7.154430008132122
SBAC;52.91333207579525;0.4591022541059016;0.3363829055713057;1.2924730352904856;-0.07636409144001335;3.4110705352322532;0.5730728330448925;6.983540415539959
SBNY;3.0754364399269605;0.31581765931863515;0.5714302539126448;1.3719515817039376;-0.025184718801503674;0.970280149233665;0.8111303455792781;2.5224438110603207
SCHW;7.98396985138095;0.359727602149194;1.1489904850313297;1.4872557349192863;0.06721433905899925;21.055055750460244;0.3928157589803013;5.191285965056098
SEDG;17.19130037695465;0.3028529500412576;2.2351226021135173;1.0098132395570973;0.18906884468100907;1.7242285071010792;-0.4372283857984265;18.76507419546934
SEE;2.8232133923795324;0.46585456805469233;0.24031737493275954;-0.3780832003926862;-0.16960941680042804;2.1203372645285232;1.0640066500415628;3.4360973285660923
SHW;6.816629126374216;0.7409775634124284;0.33107862978306957;0.05198892714508351;-0.05821458710868197;1.2117696835566631;0.1272567257062812;5.491674400295087
SIVB;2.217456513609933;0.28878718000812675;2.0486548203473105;2.7369573460875096;0.09764029869324842;0.520257870615139;2.4239392307474277;2.200658008365634
SJM;3.9470544546585065;0.3674407539292731;0.08257240642289951;0.47948674658112445;-0.03114933332342646;1.105265356419307;0.4519963074082622;3.3808694885022663
SLB;-4.105597749186924;0.5226077812828601;-0.24674770039421814;-2.2498338870431893;0.010086455331412104;1.0297916531446745;0.058231707317073174;4.834143491140391
SNA;4.795359856143231;0.5080459770114942;-0.014523910706696997;0.1242603550295858;-0.05400696864111498;0.5686642386785858;0.7910731244064577;4.51275063385204
SNPS;16.81772478778874;0.6220340914995868;0.5428910630926866;4.54700760821013;0.01489462105452056;0.2802123488395594;1.4899369174579464;11.43567216680702
SO;5.12681649128037;-0.06445090644736244;0.003560418566280231;1.7363636363636363;0.052993981459564785;-14.812654212195982;0.04182879377431906;-12.124008403242863
SPG;3.8549809049088397;0.46206225018899333;-0.07616508745829301;0.15486390391599014;0.05489909057932633;1.9626468916961326;0.08658491072402023;2.7692340521935965
SPGI;6.847992597036372;1.3243797616722015;0.3684644565396668;1.0213903743315509;-0.059695669137729224;0.41854119035327086;0.8821975699947174;5.623747884652261
SRE;5.646750465052535;-0.08718116164720344;0.14722941019005978;4.128404669260701;0.23936075056152975;-7.620841595064992;2.6203703703703702;-10.892916296981713
STE;10.793667715717753;0.3019728841478245;0.18936441060703715;2.6138771427272314;-0.0031588922817731915;1.2241908010777107;0.793013117821526;9.477798506720571
STT;2.2740668871486274;0.40411560806522484;0.07079992176804224;0.23702342673403767;-0.023999914619536652;0.813953488372093;-2.1945679796696314;1.666366983267895
STX;1.8111317224697645;1.1409684065934067;-0.008355770123479715;0.7020725388601037;-0.18243243243243243;0.7709556057185855;-0.2388663967611336;1.7127391638826186
STZ;4.948780567695476;0.27252291128925427;0.17505285412262156;0.3015438733632988;-0.028943182445417916;1.7538334634476866;1.4624651280750698;6.761829372063221
SWK;3.0254799353571515;0.2912150137518201;0.12092607159933984;0.005296178603438442;0.030388494209010287;1.7648;0.7148125384142594;2.704173966222222
SWKS;2.8540967872352954;0.6297502010323986;0.39921673878512354;0.4831716491783805;-0.10363537710255019;0.5427041499330656;-0.03114456267843239;2.995052900834106
SYF;1.3613446455462423;1.4854768837440522;-0.038159958180867745;1.1813953488372093;-0.2596782302664656;0.34677535019362243;-0.2037909376401974;0.4581204264473873
SYK;7.765645125963508;0.3680728176634011;0.374799099967856;0.9549019607843138;0.004010695187165776;1.5100804449299832;1.8491155046826222;7.904468854503923
SYY;8.45479501381931;0.5242674066971392;-0.07356352196403257;-0.5411749465865735;-0.06035070865990133;1.7887055717195997;-0.0381739636400731;6.014168756043094
T;1.681716883186479;0.32168437069286704;0.05181069599990034;-0.3181324278438031;0.16109669046073977;2.2854794032365184;0.37429744920017294;1.057362498242431
TAP;3.9352753257219613;0.30767166867897044;-0.0657196350019995;-0.28885589025597513;0.0064995357474466105;1.6090538183630247;-0.17036393779111075;1.7337248386694906
TDG;8.376973227694737;0.26282633855506193;0.369180483556422;0.13924411153199853;0.05168377453628669;4.572958164838662;0.1257872150699437;7.121826283189364
TDY;13.868766576868087;0.3819969554041576;0.4355086283082934;1.105290728129911;0.0524296510568469;0.7155549748481087;1.3866608544027899;12.040376235709152
TECH;17.82418442727248;0.449468517733815;0.6536892343380053;0.8454117708908341;0.03843164580709136;0.6025595199531749;1.4001356524179653;13.300036789887919
TEL;4.693565096646942;0.5499398315282792;0.22470250307755438;0.3434343434343434;-0.07042253521126761;0.7364454169705811;0.2266831377393453;4.628519336737175
TER;4.640862599578247;1.0833334242908137;0.7330668359070414;2.9372157459292487;-0.16130237442507409;0.14788811861436563;0.8534963156278784;4.637890347268354
TFC;2.946922984881428;0.22746920150683536;0.9668640098966157;1.6900584795321638;0.6854996828145548;1.4613037109375;0.6073354908306364;2.371472
TFX;5.796993694879107;0.3439867586874264;0.30902440149410404;2.1821543302956794;0.032974846680295086;1.23829721714633;0.6614066054982779;4.817786197322232
TGT;4.7112583585068375;0.7682831906325087;0.3314311735993511;0.5976591075347476;-0.13331024930747923;0.7348691745220686;1.025199280020571;3.3689793054356443
TJX;7.4961432722348125;0.6723702680572982;-0.031545023973183976;-0.9606349919111805;-0.06803139141902992;0.9882499826081089;0.5497245597554195;5.919595440773256
TMO;8.505182097478114;0.32872756997639985;0.8745099913949709;2.4719101123595504;0.002531645569620253;1.6327758392491878;0.9413783242779525;7.831808277222957
TMUS;10.94794511378092;-0.09655479604598173;0.9731553541523003;-0.3333333333333333;0.37549585332548263;-6.740123018689378;1.5056397035127296;-10.994565178140526
TPR;4.923451836824697;0.4819500246441534;0.2802842947218323;0.41150592216582066;-0.00962223806129722;1.1458100904921285;1.1161731207289294;2.767801423081691
TRMB;10.342975774475256;0.37282832601344784;0.1893822029095031;2.293074324324324;-0.006346687822292741;1.0252801667969769;0.6708310700706138;7.03764429293719
TROW;2.157846505649045;0.7533353473731399;0.6006467765491341;1.0582854853785553;-0.05140961857379768;0.29175183048304054;73.03225806451613;3.0488772740679413
TRV;3.3211213781710915;0.7502004035713299;0.20462251747283924;0.7811284046692607;-0.08152173913043478;0.2792557111274871;0.9335459861775651;1.6593369892409728
TSCO;7.204068319308006;0.5069220971307387;0.7544700651095821;1.3594802637961756;-0.08792362918142772;1.2325061351154454;0.33916897826788683;7.83137097803084
TSLA;86.47148471825588;0.06990267749699158;3.577271854808389;-3.813806464770062;0.18968616899335175;4.09249006017334;-1.8408964927156104;74.72490930674775
TSN;2.035092158907304;0.36221601352841704;0.22971772085729222;0.7175873731679819;-0.00819672131147541;1.2310971277783416;0.7196078431372549;2.479991023241652
TT;5.611308192958844;0.5995303728228012;-0.004310587704964219;0.09273760171963764;-0.04277218637547344;1.0555830669727937;0.0484564583013362;5.9435794174582455
TTWO;7.980462183469832;0.8143040987659367;0.8950840231313647;7.749773412775062;0.2708139277001552;0.16090050548603274;1.7183316036124308;4.361745753980067
TXN;5.433979448250914;1.3194761616255768;0.2261212485796404;1.1099945681694732;-0.07063572149344097;0.3099039276631817;0.34832904884318766;5.305576924554959
TXT;5.692996511119487;0.23438417857842178;-0.17939146358642064;0.006514657980456026;-0.13422562141491395;2.6432748538011697;-0.1490566037735849;6.3089054903926485
TYL;14.490459231747996;0.3315876498166588;0.8940870409272692;-0.015169721552959835;0.07410189681538916;1.2824771045420462;1.0703676538003117;9.584941512899691
UAL;-7.823499900226757;-0.04730262416938844;-0.34720161119355525;-1.9216330361332707;0.08667024458503868;-21.35333333333333;-0.9316239316239316;-6.571739916190476
UDR;16.255141484763936;0.24345490027676395;0.29622280177266114;0.23411046578588;0.10306564203966685;3.0358331357884394;0.2657243546519764;5.376738884254375
UHS;2.103453131593112;0.323583213461417;0.2144362102678565;0.31807263828537174;-0.11072429222598587;1.4130325190727362;-0.9510843583704092;2.5889710977342646
ULTA;9.03654833588988;0.6923312844072016;0.26720623588878245;-0.5708829558766108;-0.09865800796557847;0.6475124788466635;1.5235458231457282;8.392592116223335
UNH;7.338476882743843;0.6664407831354812;0.425395730902986;0.6371471869672286;-0.023735810113519093;0.703627476202727;0.7185690832109219;6.209660244379923
UNP;3.668621394528417;0.5718854739424741;0.02655367231638418;-0.3910567587752054;-0.15167835671342686;1.6708802574120891;0.5270541082164328;4.843856234122424
UPS;5.075355418904631;0.522627333718622;0.47690976439154725;1.625254582484725;-0.004592422502870264;1.8061926054137218;-3.8850053361792956;6.923800887350353
URI;3.9793575016972165;0.2162555306382205;0.46303267580183705;0.029717682020802376;-0.14066193853427897;3.278587443946188;0.4398826979472141;6.571293273542601
USB;1.9157866801809955;0.3656969260079296;0.03976752699981695;0.28063686072692184;-0.1001788908765653;0.9046492636084593;0.5250309023485785;1.7884128424431867
VFC;3.746106693612124;0.40094902471747296;-0.21778921778921778;-0.33671532858585546;-0.0239665550331519;2.0319203031437665;-0.16202930810610278;2.6564561329251326
VICI;6.540630321767764;0.17757772883176443;6.494032844178796;22.76473208007126;0.5452722018230036;1.6620801537790297;5.731280114096288;6.479938997138606
VLO;5.579449865988125;0.39273653482914544;0.2127793147478187;-0.7712177121771218;-0.07918552036199095;1.5463091160824893;0.048988544967097244;3.834829930481673
VMC;7.543061563475151;0.21799372418892354;0.4271921725236332;0.11579630230295167;0.0004905179114501973;2.624758334112345;2.0284368382384717;9.339763007353593
VNO;1.1968738652717477;0.16790577052085195;-0.23746932767020804;-0.2260922714320892;0.008547639901649378;3.6741018137194446;-0.11432530907687335;1.7034067342791708
VRSK;8.999506757880617;0.5752189074002325;0.3978183852321462;0.2003242658980364;-0.015485048746422314;0.8412544455221468;0.5844642857142858;7.230447556848798
VRSN;6.035626025830982;6.573184251670062;0.1394572974735966;0.7164208482049129;0.14685272863194618;0.6257139603373788;0.154389816030934;5.658452581731899
VRTX;9.139644273959872;0.7845106533382876;2.0435753974440782;7.888964794826252;0.04413360229528486;0.137528795272013;3.1134306028306415;9.070559279531638
VTR;5.866325204401755;0.18649036116468248;0.0728373384826442;-0.9638709296925108;0.05077590719508283;2.8298171615350043;-0.4130378204855438;3.648035635519067
VTRS;-13.426899668078288;0.16209165235118433;0.5020784870294012;-2.823419540229885;0.12478952291861553;3.586294341835239;1.1897997603970563;1.7195957549105834
VZ;1.4922164343642612;0.12921916286906904;0.06013456686291001;-0.2669678748214345;0.015670910871694418;7.00103725217082;-4.791705685618729;4.6328006894467
WAB;9.618649809995658;0.19173330069245295;1.0150674076371622;1.127651461711806;0.9894607817459902;1.935276051351027;8.492173737983794;6.505177082683529
WAT;7.692078140484823;1.4839446079140055;0.20648761107247135;33.11171286495003;-0.2218114370934794;0.9768794263750976;-0.046377685216752555;6.669347365208786
WBA;1.991446444969531;0.4365288822861138;0.12092476356438324;-0.3766552231486023;-0.1944108057755007;1.4177210121716848;-0.2922033898305085;1.28228866623959
WDC;12.422855847019123;0.40260207754808186;-0.11370659403970042;1.0680100755667505;0.059027777777777776;1.346404393920041;-0.7369709688702344;1.4106423359305147
WEC;4.88346885399197;0.0940142453769932;0.08727201412041577;0.08017262843389493;-0.0006337135614702154;9.60852419836686;-2.832639467110741;11.482814177255527
WELL;6.846203606474292;0.18744189826858806;0.09545614726786157;-0.3570108689414546;0.1572254429700711;2.3190993182419124;0.06087671181965384;4.203065009965838
WFC;2.094579696900218;0.1429905746160207;-0.09019044196909809;-0.02862552404994816;-0.18182733754985295;3.140688939693762;-1.6155859416728982;3.5803948810205375
WHR;1.9214418600237249;0.4217674755523361;0.03444219639580295;4.094285714285714;-0.15279672578444747;1.4516960068699012;1.846551724137931;1.7387027565478745
WM;7.357846084914183;0.477716623642297;0.23790127718329307;-0.06824012314007183;-0.03600729261622607;1.8239192495921697;0.4566128067025733;6.643666897226754
WMB;8.890075811518324;0.17788830392338423;0.32324741626198483;-0.30220791168353267;0.46928692493946733;4.2443486020226056;22.25862068965517;6.060694158239143
WMT;6.6768070309736025;0.6431086969498;0.15081718885387746;-0.009748589020010261;-0.08706868752015479;0.7458284347090732;0.2342786093443642;4.0326906397706415
WRB;9.18802339747126;0.43948472832562874;-1.0;-0.4637894422448615;-0.0018182837644080965;0.7522660478513085;2.5575958895363295;4.5584922696940495
WRK;2.512858312641395;0.30381058232457087;0.2615396003957011;0.18370516803162948;0.0412573673870334;2.3042873696407877;0.30528567608521257;1.507714987584837
WST;9.936440987992285;0.4457097756229564;0.7707460446501156;3.391506303915063;0.0;0.32405767771312927;1.4950943396226415;13.467275149675352
WY;4.683271083212885;0.36916299559471366;0.41759310728182325;3.479381443298969;-0.008171720323735037;1.0110808046368907;2.285166240409207;3.8665328769178315
WYNN;-4.993331401786193;-0.12771576086922087;-0.40319626130286085;-2.0115166204708097;0.04579165482850173;-8.56043034741603;-1.5533480246503624;-5.804022400403672
XEL;5.154022926871989;-0.16273421235253296;0.17774465099964926;0.3911149825783972;0.03536345776031434;-5.664483703929333;9.647668393782384;-5.37773546634176
XOM;8.62348115826275;0.3129009297765761;0.16667931624796553;0.1689497716894977;0.004296455357142857;1.5250364817305215;1.4586061102018548;6.84593220796017
XRAY;-3.027998718432733;0.3185053866084822;0.06450643561877097;-1.2716129032258066;-0.044463818657367045;1.2806131186847063;0.14216012419605234;2.5411801198835415
XYL;9.853538642201835;0.4645252382633251;0.10367537709793924;0.29003021148036257;0.0027839643652561247;1.3901975683890577;-0.36046511627906974;7.34522903343465
YUM;5.364047127272728;1.8216818642350556;0.120108880571623;0.17537313432835822;-0.12968299711815562;2.395995550611791;1.0730337078651686;6.61804479644049
ZBH;7.742940037470395;0.3347267826016458;0.0015465037512301734;-0.7785863932076303;0.02526002971768202;1.108418232186379;-0.0694804739535862;3.3158241983681256
ZBRA;5.304120754197159;0.8907725841608137;0.5118216012896293;48.23529411764706;0.007913995915752403;0.3890701468189233;1.3598130841121496;3.3500469037520393
ZION;1.9660603474747476;0.3961061946902655;0.12035262552702185;0.9070945945945946;-0.18447922062397895;0.30145963658028;-0.4426877470355731;2.3192132785224904
ZTS;8.471902478231748;0.648356516346239;0.4652345958168457;1.3576388888888888;-0.029425332402565327;1.0329324952172725;0.5472370766488414;8.642081443017219
